0 0.151
1 0.29
2 0.431
3 0.572
4 0.714
5 0.853
6 0.992
7 1.131
8 1.271
9 1.41
10 1.55
11 1.689
12 1.829
13 1.968
14 2.107
15 2.247
16 2.387
17 2.526
18 2.665
19 2.805
20 2.945
21 3.086
22 3.225
23 3.365
24 3.506
25 3.647
26 3.787
27 3.926
28 4.066
29 4.205
30 4.345
31 4.484
32 4.623
33 4.764
34 4.903
35 5.042
36 5.182
37 5.323
38 5.463
39 5.602
40 5.743
41 5.884
42 6.024
43 6.164
44 6.303
45 6.443
46 6.584
47 6.724
48 6.864
49 7.004
50 7.143
51 7.284
52 7.422
53 7.562
54 7.702
55 7.841
56 7.98
57 8.12
58 8.26
59 8.399
60 8.538
61 8.679
62 8.818
63 8.957
64 9.096
65 9.235
66 9.375
67 9.516
68 9.655
69 9.795
70 9.935
71 10.077
72 10.217
73 10.357
74 10.497
75 10.636
76 10.775
77 10.914
78 11.055
79 11.195
80 11.336
81 11.476
82 11.617
83 11.757
84 11.897
85 12.038
86 12.179
87 12.32
88 12.46
89 12.6
90 12.74
91 12.88
92 13.019
93 13.159
94 13.299
95 13.438
96 13.577
97 13.717
98 13.858
99 13.997
100 14.136
101 14.276
102 14.415
103 14.555
104 14.696
105 14.836
106 14.976
107 15.116
108 15.256
109 15.397
110 15.536
111 15.676
112 15.815
113 15.954
114 16.094
115 16.235
116 16.374
117 16.514
118 16.653
119 16.792
120 16.932
121 17.072
122 17.211
123 17.351
124 17.491
125 17.63
126 17.77
127 17.91
128 18.049
129 18.188
130 18.326
131 18.467
132 18.61
133 18.749
134 18.888
135 19.028
136 19.168
137 19.308
138 19.447
139 19.587
140 19.729
141 19.867
142 20.006
143 20.146
144 20.285
145 20.425
146 20.565
147 20.704
148 20.845
149 20.985
150 21.124
151 21.263
152 21.401
153 21.541
154 21.681
155 21.822
156 21.961
157 22.1
158 22.24
159 22.379
160 22.518
161 22.657
162 22.796
163 22.936
164 23.075
165 23.214
166 23.354
167 23.493
168 23.632
169 23.772
170 23.911
171 24.051
172 24.191
173 24.331
174 24.47
175 24.609
176 24.748
177 24.887
178 25.027
179 25.166
180 25.305
181 25.444
182 25.584
183 25.723
184 25.864
185 26.004
186 26.144
187 26.284
188 26.424
189 26.563
190 26.702
191 26.841
192 26.981
193 27.121
194 27.26
195 27.4
196 27.54
197 27.679
198 27.818
199 27.957
200 28.096
201 28.235
202 28.374
203 28.513
204 28.656
205 28.796
206 28.935
207 29.075
208 29.216
209 29.356
210 29.495
211 29.634
212 29.773
213 29.913
214 30.053
215 30.192
216 30.332
217 30.471
218 30.61
219 30.749
220 30.888
221 31.028
222 31.167
223 31.306
224 31.447
225 31.586
226 31.725
227 31.864
228 32.004
229 32.143
230 32.283
231 32.423
232 32.562
233 32.702
234 32.841
235 32.981
236 33.12
237 33.259
238 33.399
239 33.539
240 33.679
241 33.818
242 33.958
243 34.098
244 34.238
245 34.378
246 34.518
247 34.657
248 34.796
249 34.937
250 35.076
251 35.217
252 35.357
253 35.497
254 35.638
255 35.778
256 35.917
257 36.057
258 36.197
259 36.336
260 36.475
261 36.614
262 36.753
263 36.892
264 37.032
265 37.174
266 37.313
267 37.453
268 37.593
269 37.732
270 37.871
271 38.01
272 38.15
273 38.289
274 38.428
275 38.567
276 38.707
277 38.846
278 38.985
279 39.124
280 39.263
281 39.402
282 39.548
283 39.689
284 39.828
285 39.967
286 40.106
287 40.246
288 40.386
289 40.527
290 40.668
291 40.809
292 40.948
293 41.087
294 41.227
295 41.366
296 41.505
297 41.644
298 41.785
299 41.923
300 42.062
301 42.202
302 42.342
303 42.482
304 42.623
305 42.763
306 42.902
307 43.042
308 43.181
309 43.32
310 43.459
311 43.6
312 43.74
313 43.879
314 44.019
315 44.158
316 44.299
317 44.438
318 44.578
319 44.717
320 44.857
321 44.998
322 45.137
323 45.276
324 45.415
325 45.554
326 45.693
327 45.832
328 45.971
329 46.11
330 46.248
331 46.388
332 46.528
333 46.667
334 46.807
335 46.946
336 47.085
337 47.224
338 47.363
339 47.502
340 47.643
341 47.782
342 47.922
343 48.063
344 48.203
345 48.344
346 48.484
347 48.624
348 48.763
349 48.902
350 49.042
351 49.181
352 49.32
353 49.46
354 49.6
355 49.74
356 49.879
357 50.02
358 50.164
359 50.307
360 50.447
361 50.586
362 50.725
363 50.865
364 51.007
365 51.151
366 51.297
367 51.444
368 51.591
369 51.738
370 51.88
371 52.019
372 52.158
373 52.297
374 52.437
375 52.578
376 52.717
377 52.86
378 53.0
379 53.143
380 53.284
381 53.425
382 53.564
383 53.703
384 53.842
385 53.982
386 54.123
387 54.263
388 54.403
389 54.544
390 54.683
391 54.823
392 54.966
393 55.105
394 55.245
395 55.385
396 55.525
397 55.664
398 55.803
399 55.941
400 56.081
401 56.22
402 56.359
403 56.498
404 56.638
405 56.777
406 56.917
407 57.057
408 57.197
409 57.337
410 57.477
411 57.618
412 57.758
413 57.897
414 58.036
415 58.175
416 58.314
417 58.452
418 58.591
419 58.73
420 58.87
421 59.01
422 59.149
423 59.287
424 59.426
425 59.566
426 59.705
427 59.845
428 59.984
429 60.123
430 60.262
431 60.403
432 60.541
433 60.68
434 60.819
435 60.959
436 61.099
437 61.238
438 61.377
439 61.517
440 61.657
441 61.797
442 61.936
443 62.075
444 62.214
445 62.354
446 62.493
447 62.633
448 62.772
449 62.91
450 63.048
451 63.188
452 63.327
453 63.466
454 63.605
455 63.746
456 63.885
457 64.024
458 64.163
459 64.302
460 64.442
461 64.582
462 64.721
463 64.862
464 65.002
465 65.141
466 65.281
467 65.421
468 65.56
469 65.7
470 65.84
471 65.981
472 66.12
473 66.26
474 66.399
475 66.539
476 66.678
477 66.818
478 66.958
479 67.097
480 67.236
481 67.375
482 67.515
483 67.656
484 67.796
485 67.936
486 68.076
487 68.215
488 68.354
489 68.493
490 68.632
491 68.772
492 68.912
493 69.051
494 69.19
495 69.33
496 69.469
497 69.609
498 69.749
499 69.89
