0 0.008
1 0.016
2 0.024
3 0.032
4 0.039
5 0.046
6 0.057
7 0.065
8 0.072
9 0.078
10 0.084
11 0.091
12 0.097
13 0.103
14 0.11
15 0.116
16 0.123
17 0.129
18 0.135
19 0.142
20 0.149
21 0.157
22 0.166
23 0.174
24 0.18
25 0.186
26 0.192
27 0.198
28 0.205
29 0.212
30 0.219
31 0.229
32 0.235
33 0.241
34 0.247
35 0.255
36 0.261
37 0.268
38 0.275
39 0.283
40 0.291
41 0.297
42 0.303
43 0.31
44 0.317
45 0.325
46 0.332
47 0.338
48 0.344
49 0.35
50 0.356
51 0.362
52 0.369
53 0.376
54 0.383
55 0.389
56 0.397
57 0.403
58 0.409
59 0.415
60 0.421
61 0.427
62 0.433
63 0.439
64 0.445
65 0.451
66 0.458
67 0.464
68 0.472
69 0.48
70 0.487
71 0.494
72 0.502
73 0.51
74 0.517
75 0.525
76 0.534
77 0.54
78 0.546
79 0.552
80 0.558
81 0.564
82 0.57
83 0.576
84 0.583
85 0.59
86 0.596
87 0.602
88 0.608
89 0.615
90 0.621
91 0.627
92 0.633
93 0.639
94 0.645
95 0.651
96 0.657
97 0.663
98 0.67
99 0.676
100 0.684
101 0.691
102 0.699
103 0.707
104 0.715
105 0.722
106 0.73
107 0.737
108 0.744
109 0.753
110 0.761
111 0.768
112 0.776
113 0.783
114 0.791
115 0.801
116 0.81
117 0.818
118 0.826
119 0.832
120 0.839
121 0.846
122 0.854
123 0.861
124 0.869
125 0.877
126 0.884
127 0.892
128 0.9
129 0.909
130 0.917
131 0.925
132 0.933
133 0.942
134 0.951
135 0.959
136 0.967
137 0.975
138 0.983
139 0.991
140 0.999
141 1.007
142 1.015
143 1.024
144 1.032
145 1.04
146 1.048
147 1.056
148 1.064
149 1.072
150 1.081
151 1.09
152 1.098
153 1.106
154 1.114
155 1.122
156 1.131
157 1.139
158 1.147
159 1.155
160 1.163
161 1.171
162 1.18
163 1.19
164 1.199
165 1.207
166 1.213
167 1.219
168 1.226
169 1.234
170 1.242
171 1.25
172 1.258
173 1.267
174 1.275
175 1.283
176 1.292
177 1.3
178 1.308
179 1.316
180 1.324
181 1.332
182 1.34
183 1.347
184 1.355
185 1.363
186 1.371
187 1.379
188 1.387
189 1.395
190 1.403
191 1.413
192 1.421
193 1.429
194 1.437
195 1.445
196 1.451
197 1.458
198 1.466
199 1.473
200 1.48
201 1.487
202 1.495
203 1.503
204 1.511
205 1.52
206 1.528
207 1.536
208 1.546
209 1.554
210 1.562
211 1.57
212 1.578
213 1.586
214 1.592
215 1.6
216 1.61
217 1.618
218 1.627
219 1.636
220 1.646
221 1.655
222 1.664
223 1.673
224 1.681
225 1.689
226 1.697
227 1.705
228 1.713
229 1.721
230 1.729
231 1.736
232 1.743
233 1.75
234 1.757
235 1.764
236 1.771
237 1.779
238 1.786
239 1.793
240 1.8
241 1.807
242 1.815
243 1.822
244 1.83
245 1.838
246 1.845
247 1.852
248 1.858
249 1.865
250 1.872
251 1.879
252 1.886
253 1.893
254 1.901
255 1.909
256 1.917
257 1.925
258 1.933
259 1.941
260 1.947
261 1.954
262 1.961
263 1.969
264 1.976
265 1.984
266 1.992
267 2.0
268 2.008
269 2.015
270 2.023
271 2.03
272 2.036
273 2.044
274 2.05
275 2.056
276 2.062
277 2.07
278 2.078
279 2.086
280 2.093
281 2.1
282 2.108
283 2.114
284 2.122
285 2.129
286 2.137
287 2.144
288 2.15
289 2.156
290 2.163
291 2.171
292 2.178
293 2.186
294 2.194
295 2.201
296 2.209
297 2.217
298 2.226
299 2.233
300 2.239
301 2.246
302 2.258
303 2.266
304 2.275
305 2.284
306 2.292
307 2.3
308 2.308
309 2.315
310 2.323
311 2.331
312 2.339
313 2.347
314 2.355
315 2.364
316 2.373
317 2.382
318 2.392
319 2.401
320 2.409
321 2.418
322 2.426
323 2.434
324 2.441
325 2.449
326 2.457
327 2.465
328 2.473
329 2.481
330 2.494
331 2.504
332 2.514
333 2.526
334 2.536
335 2.544
336 2.553
337 2.561
338 2.57
339 2.585
340 2.594
341 2.602
342 2.609
343 2.617
344 2.624
345 2.632
346 2.64
347 2.647
348 2.656
349 2.664
350 2.672
351 2.679
352 2.687
353 2.694
354 2.7
355 2.708
356 2.715
357 2.723
358 2.731
359 2.739
360 2.746
361 2.753
362 2.759
363 2.767
364 2.774
365 2.78
366 2.788
367 2.796
368 2.809
369 2.818
370 2.825
371 2.832
372 2.839
373 2.846
374 2.854
375 2.86
376 2.867
377 2.874
378 2.88
379 2.887
380 2.893
381 2.9
382 2.907
383 2.914
384 2.922
385 2.929
386 2.936
387 2.943
388 2.949
389 2.961
390 2.97
391 2.977
392 2.984
393 2.992
394 3.001
395 3.013
396 3.027
397 3.042
398 3.051
399 3.064
400 3.074
401 3.083
402 3.091
403 3.1
404 3.109
405 3.118
406 3.126
407 3.135
408 3.143
409 3.15
410 3.158
411 3.166
412 3.173
413 3.18
414 3.188
415 3.199
416 3.206
417 3.214
418 3.222
419 3.23
420 3.239
421 3.248
422 3.256
423 3.263
424 3.27
425 3.278
426 3.285
427 3.292
428 3.299
429 3.307
430 3.328
431 3.342
432 3.357
433 3.363
434 3.37
435 3.377
436 3.383
437 3.389
438 3.397
439 3.404
440 3.41
441 3.416
442 3.422
443 3.428
444 3.435
445 3.441
446 3.447
447 3.453
448 3.459
449 3.465
450 3.471
451 3.477
452 3.483
453 3.49
454 3.497
455 3.505
456 3.512
457 3.518
458 3.524
459 3.53
460 3.536
461 3.542
462 3.548
463 3.554
464 3.56
465 3.566
466 3.572
467 3.578
468 3.584
469 3.59
470 3.598
471 3.604
472 3.611
473 3.617
474 3.623
475 3.629
476 3.636
477 3.642
478 3.648
479 3.654
480 3.66
481 3.666
482 3.672
483 3.678
484 3.684
485 3.69
486 3.696
487 3.702
488 3.708
489 3.714
490 3.72
491 3.726
492 3.732
493 3.738
494 3.744
495 3.75
496 3.756
497 3.762
498 3.768
499 3.774
