0 0.007
1 0.007
2 0.007333333333333333
3 0.00725
4 0.0072
5 0.007166666666666666
6 0.0071428571428571435
7 0.007375
8 0.0074444444444444445
9 0.0073999999999999995
10 0.0076363636363636364
11 0.007583333333333333
12 0.007461538461538462
13 0.007357142857142856
14 0.007266666666666667
15 0.0071875
16 0.007117647058823529
17 0.007055555555555555
18 0.007
19 0.0069500000000000004
20 0.006904761904761904
21 0.006863636363636363
22 0.006826086956521739
23 0.006791666666666667
24 0.00676
25 0.00673076923076923
26 0.006703703703703704
27 0.006678571428571429
28 0.006655172413793104
29 0.006633333333333334
30 0.00664516129032258
31 0.00671875
32 0.006787878787878788
33 0.006823529411764707
34 0.006828571428571429
35 0.006805555555555555
36 0.006783783783783784
37 0.006789473684210527
38 0.006794871794871795
39 0.006825
40 0.006878048780487804
41 0.006904761904761904
42 0.006930232558139534
43 0.006954545454545455
44 0.006977777777777778
45 0.006978260869565218
46 0.007
47 0.007
48 0.006979591836734695
49 0.006959999999999999
50 0.00696078431372549
51 0.006961538461538462
52 0.006962264150943396
53 0.006981481481481482
54 0.006981818181818182
55 0.0069642857142857145
56 0.0069649122807017546
57 0.007
58 0.007016949152542373
59 0.007016666666666667
60 0.0070163934426229506
61 0.007
62 0.006984126984126984
63 0.00696875
64 0.006953846153846154
65 0.00693939393939394
66 0.006925373134328359
67 0.0069117647058823525
68 0.006898550724637681
69 0.006885714285714286
70 0.006873239436619718
71 0.006861111111111111
72 0.00684931506849315
73 0.0068378378378378376
74 0.006826666666666667
75 0.006815789473684211
76 0.0068051948051948054
77 0.006794871794871795
78 0.006784810126582279
79 0.006775000000000001
80 0.0067654320987654325
81 0.0067560975609756106
82 0.0068192771084337345
83 0.006821428571428571
84 0.006811764705882352
85 0.006813953488372093
86 0.006804597701149425
87 0.0067954545454545455
88 0.006820224719101123
89 0.006844444444444445
90 0.006835164835164835
91 0.006847826086956521
92 0.006870967741935484
93 0.006893617021276596
94 0.0068842105263157895
95 0.00690625
96 0.006948453608247423
97 0.006959183673469389
98 0.006959595959595959
99 0.00695
100 0.00694059405940594
101 0.0069313725490196074
102 0.006922330097087378
103 0.0069134615384615385
104 0.006904761904761905
105 0.006896226415094339
106 0.006897196261682243
107 0.006953703703703704
108 0.006944954128440367
109 0.006954545454545455
110 0.0069549549549549556
111 0.007
112 0.007097345132743363
113 0.00713157894736842
114 0.007156521739130435
115 0.007163793103448276
116 0.007170940170940171
117 0.007161016949152542
118 0.007151260504201681
119 0.007183333333333333
120 0.007173553719008264
121 0.0071639344262295086
122 0.007154471544715447
123 0.007161290322580645
124 0.007168
125 0.007206349206349207
126 0.00725984251968504
127 0.00728125
128 0.007286821705426356
129 0.007323076923076923
130 0.007366412213740458
131 0.007439393939393939
132 0.0074285714285714285
133 0.007455223880597015
134 0.007459259259259258
135 0.007463235294117646
136 0.007474452554744526
137 0.007478260869565217
138 0.0074892086330935245
139 0.007507142857142856
140 0.007531914893617021
141 0.00754225352112676
142 0.007545454545454545
143 0.007541666666666667
144 0.007544827586206897
145 0.007554794520547945
146 0.007551020408163266
147 0.007547297297297298
148 0.007550335570469799
149 0.007559999999999999
150 0.007556291390728477
151 0.0075723684210526315
152 0.007581699346405228
153 0.0075779220779220785
154 0.0076
155 0.007596153846153846
156 0.007585987261146497
157 0.00760126582278481
158 0.007603773584905661
159 0.0076
160 0.0076211180124223605
161 0.0076172839506172835
162 0.007613496932515338
163 0.007640243902439023
164 0.0076363636363636364
165 0.007632530120481927
166 0.007634730538922155
167 0.007648809523809523
168 0.007650887573964497
169 0.007670588235294118
170 0.007672514619883042
171 0.00766860465116279
172 0.007676300578034682
173 0.00767816091954023
174 0.007674285714285714
175 0.007681818181818182
176 0.007677966101694915
177 0.007685393258426967
178 0.00770949720670391
179 0.00771111111111111
180 0.0077292817679558016
181 0.007725274725274725
182 0.0077267759562841525
183 0.0077336956521739135
184 0.0077351351351351355
185 0.007736559139784946
186 0.007754010695187165
187 0.007750000000000001
188 0.007740740740740741
189 0.007742105263157895
190 0.007738219895287958
191 0.007755208333333334
192 0.007766839378238343
193 0.007778350515463917
194 0.007779487179487179
195 0.007775510204081633
196 0.007771573604060914
197 0.007772727272727272
198 0.0077688442211055276
199 0.0077800000000000005
200 0.0077910447761194036
201 0.007801980198019802
202 0.007802955665024631
203 0.007794117647058824
204 0.007790243902439024
205 0.007781553398058252
206 0.007772946859903381
207 0.007764423076923077
208 0.007755980861244019
209 0.0077476190476190475
210 0.007739336492890996
211 0.007731132075471698
212 0.007723004694835681
213 0.007714953271028038
214 0.007706976744186047
215 0.007699074074074074
216 0.007695852534562212
217 0.007688073394495412
218 0.007684931506849315
219 0.007677272727272728
220 0.007669683257918552
221 0.007662162162162162
222 0.007654708520179372
223 0.007647321428571429
224 0.007644444444444444
225 0.00763716814159292
226 0.0076299559471365635
227 0.007622807017543859
228 0.007620087336244542
229 0.007613043478260869
230 0.007610389610389611
231 0.007625
232 0.007626609442060085
233 0.0076538461538461534
234 0.007651063829787234
235 0.0076567796610169485
236 0.0076582278481012655
237 0.007659663865546219
238 0.007673640167364017
239 0.007666666666666667
240 0.007663900414937759
241 0.007665289256198347
242 0.007670781893004116
243 0.007668032786885246
244 0.007665306122448979
245 0.007666666666666666
246 0.007663967611336033
247 0.007665322580645162
248 0.007678714859437751
249 0.007672
250 0.007673306772908366
251 0.007686507936507937
252 0.0076877470355731226
253 0.00768503937007874
254 0.007682352941176471
255 0.00767578125
256 0.007669260700389105
257 0.007662790697674419
258 0.007656370656370657
259 0.0076538461538461534
260 0.007651340996168583
261 0.007645038167938932
262 0.00764638783269962
263 0.007647727272727273
264 0.007641509433962264
265 0.007642857142857142
266 0.007640449438202248
267 0.007638059701492538
268 0.007631970260223048
269 0.007625925925925927
270 0.007619926199261992
271 0.007613970588235295
272 0.007611721611721611
273 0.00760948905109489
274 0.0076036363636363645
275 0.007601449275362319
276 0.007595667870036102
277 0.0075935251798561155
278 0.007587813620071685
279 0.007582142857142858
280 0.007576512455516014
281 0.007585106382978723
282 0.007590106007067139
283 0.007591549295774648
284 0.0076
285 0.007604895104895104
286 0.007599303135888502
287 0.007597222222222223
288 0.0075986159169550175
289 0.007603448275862069
290 0.007601374570446736
291 0.0076095890410958905
292 0.007607508532423209
293 0.007605442176870749
294 0.0076
295 0.007604729729729729
296 0.007609427609427608
297 0.00760738255033557
298 0.007612040133779263
299 0.007606666666666667
300 0.007604651162790698
301 0.007602649006622516
302 0.007613861386138614
303 0.007608552631578948
304 0.007622950819672132
305 0.007633986928104575
306 0.007631921824104234
307 0.007642857142857143
308 0.007640776699029127
309 0.007648387096774193
310 0.00764951768488746
311 0.007644230769230769
312 0.007651757188498403
313 0.0076496815286624205
314 0.007653968253968254
315 0.0076550632911392405
316 0.007662460567823343
317 0.007669811320754717
318 0.007664576802507836
319 0.0076625
320 0.007669781931464175
321 0.00767080745341615
322 0.007668730650154798
323 0.007666666666666666
324 0.007673846153846154
325 0.007677914110429448
326 0.007691131498470948
327 0.0076890243902439015
328 0.007689969604863222
329 0.0076939393939393945
330 0.007691842900302114
331 0.0076867469879518075
332 0.00769069069069069
333 0.007688622754491018
334 0.007686567164179105
335 0.0076845238095238095
336 0.007685459940652818
337 0.007683431952662721
338 0.007687315634218289
339 0.007685294117647058
340 0.007695014662756599
341 0.007695906432748538
342 0.007696793002915452
343 0.007694767441860465
344 0.007695652173913043
345 0.007696531791907514
346 0.007700288184438041
347 0.007706896551724138
348 0.007707736389684814
349 0.007711428571428571
350 0.007715099715099716
351 0.007721590909090909
352 0.007722379603399433
353 0.007728813559322034
354 0.007726760563380282
355 0.007724719101123595
356 0.007731092436974789
357 0.007731843575418994
358 0.007735376044568245
359 0.007741666666666667
360 0.00774792243767313
361 0.0077430939226519335
362 0.007738292011019284
363 0.00773901098901099
364 0.00773972602739726
365 0.00775136612021858
366 0.007752043596730246
367 0.007755434782608696
368 0.00775609756097561
369 0.007770270270270271
370 0.007765498652291105
371 0.007768817204301076
372 0.007774798927613941
373 0.0077807486631016045
374 0.007781333333333334
375 0.007779255319148936
376 0.007782493368700265
377 0.007783068783068783
378 0.007794195250659631
379 0.007794736842105264
380 0.0078083989501312335
381 0.00780890052356021
382 0.0078041775456919055
383 0.007802083333333334
384 0.007815584415584415
385 0.007816062176165803
386 0.007819121447028423
387 0.00781958762886598
388 0.007825192802056555
389 0.00784102564102564
390 0.007843989769820972
391 0.007849489795918367
392 0.00785496183206107
393 0.007852791878172588
394 0.007860759493670886
395 0.007856060606060606
396 0.007853904282115869
397 0.00784924623115578
398 0.007844611528822055
399 0.0078425
400 0.007845386533665835
401 0.007843283582089553
402 0.007838709677419354
403 0.007836633663366337
404 0.007832098765432099
405 0.00783743842364532
406 0.007835380835380835
407 0.007830882352941175
408 0.007831295843520781
409 0.007826829268292684
410 0.007827250608272506
411 0.00783009708737864
412 0.007828087167070218
413 0.007833333333333333
414 0.00783132530120482
415 0.007829326923076923
416 0.007829736211031176
417 0.007830143540669857
418 0.00783054892601432
419 0.007838095238095238
420 0.007843230403800475
421 0.007841232227488152
422 0.007843971631205674
423 0.007846698113207547
424 0.007844705882352941
425 0.007842723004694836
426 0.007850117096018735
427 0.007862149532710281
428 0.007869463869463869
429 0.007883720930232558
430 0.00788863109048724
431 0.007898148148148147
432 0.007903002309468823
433 0.007903225806451614
434 0.007910344827586206
435 0.007912844036697248
436 0.00791304347826087
437 0.007917808219178082
438 0.007915717539863325
439 0.007915909090909092
440 0.007913832199546486
441 0.007918552036199095
442 0.007914221218961624
443 0.007912162162162163
444 0.007914606741573033
445 0.007919282511210763
446 0.00792393736017897
447 0.007930803571428571
448 0.007935412026726058
449 0.007933333333333332
450 0.007933481152993348
451 0.007935840707964601
452 0.007933774834437086
453 0.007938325991189427
454 0.007938461538461538
455 0.007938596491228071
456 0.007943107221006565
457 0.00795414847161572
458 0.007956427015250544
459 0.007960869565217391
460 0.007960954446854664
461 0.00796103896103896
462 0.007961123110151187
463 0.00796551724137931
464 0.007974193548387097
465 0.007980686695278969
466 0.007980728051391862
467 0.007982905982905983
468 0.007980810234541577
469 0.007980851063829788
470 0.007978768577494692
471 0.007978813559322034
472 0.007978858350951374
473 0.007974683544303796
474 0.007976842105263159
475 0.007983193277310924
476 0.0079853249475891
477 0.007985355648535565
478 0.007997912317327766
479 0.00799375
480 0.008
481 0.00800207468879668
482 0.008012422360248447
483 0.008014462809917355
484 0.008016494845360824
485 0.008022633744855966
486 0.00801848049281314
487 0.00801639344262295
488 0.008014314928425357
489 0.008018367346938775
490 0.008018329938900203
491 0.00801829268292683
492 0.008014198782961461
493 0.00801417004048583
494 0.008018181818181818
495 0.008016129032258065
496 0.008018108651911469
497 0.008020080321285141
498 0.008022044088176352
499 0.008022
