0 0.011
1 0.0095
2 0.01
3 0.0095
4 0.009
5 0.008499999999999999
6 0.008142857142857143
7 0.007875
8 0.007666666666666667
9 0.0075
10 0.007363636363636364
11 0.0072499999999999995
12 0.007153846153846154
13 0.007071428571428571
14 0.0072
15 0.0075625
16 0.007823529411764707
17 0.007777777777777778
18 0.008
19 0.00805
20 0.007952380952380952
21 0.008
22 0.008043478260869565
23 0.008
24 0.00812
25 0.00823076923076923
26 0.008296296296296296
27 0.008464285714285714
28 0.008517241379310345
29 0.008633333333333333
30 0.00870967741935484
31 0.00875
32 0.008787878787878787
33 0.008852941176470588
34 0.008828571428571429
35 0.008861111111111111
36 0.008891891891891893
37 0.008842105263157896
38 0.008923076923076922
39 0.008975
40 0.008926829268292682
41 0.008952380952380953
42 0.008930232558139534
43 0.00925
44 0.009355555555555554
45 0.009304347826086957
46 0.009297872340425532
47 0.00925
48 0.009204081632653061
49 0.00928
50 0.009274509803921568
51 0.00925
52 0.009283018867924528
53 0.009222222222222222
54 0.009163636363636363
55 0.009196428571428572
56 0.009228070175438597
57 0.009431034482758621
58 0.009627118644067796
59 0.009583333333333333
60 0.009524590163934426
61 0.009467741935483871
62 0.009444444444444445
63 0.0094375
64 0.009415384615384615
65 0.009393939393939394
66 0.009388059701492537
67 0.00936764705882353
68 0.0093768115942029
69 0.009342857142857144
70 0.009323943661971831
71 0.009361111111111112
72 0.009342465753424659
73 0.009337837837837837
74 0.00932
75 0.009342105263157895
76 0.009298701298701298
77 0.009256410256410256
78 0.00921518987341772
79 0.009174999999999999
80 0.009135802469135802
81 0.009097560975609756
82 0.009060240963855421
83 0.009023809523809524
84 0.008988235294117648
85 0.008953488372093024
86 0.008919540229885057
87 0.008886363636363637
88 0.008910112359550562
89 0.008922222222222222
90 0.008912087912087913
91 0.008891304347826087
92 0.00889247311827957
93 0.008872340425531915
94 0.008852631578947369
95 0.008854166666666666
96 0.008855670103092784
97 0.008877551020408164
98 0.008848484848484849
99 0.00882
100 0.008801980198019803
101 0.008774509803921568
102 0.008757281553398059
103 0.008740384615384615
104 0.008723809523809524
105 0.00870754716981132
106 0.008682242990654206
107 0.008657407407407407
108 0.00863302752293578
109 0.008609090909090908
110 0.008585585585585585
111 0.008562499999999999
112 0.008539823008849557
113 0.008517543859649123
114 0.008495652173913043
115 0.008474137931034482
116 0.008452991452991453
117 0.008440677966101694
118 0.008420168067226891
119 0.0084
120 0.008388429752066115
121 0.008377049180327868
122 0.008357723577235772
123 0.008346774193548387
124 0.008384
125 0.008373015873015872
126 0.008354330708661416
127 0.0083359375
128 0.008317829457364341
129 0.008346153846153845
130 0.00833587786259542
131 0.008318181818181818
132 0.00830075187969925
133 0.008388059701492537
134 0.008385185185185185
135 0.00839705882352941
136 0.008437956204379562
137 0.008471014492753623
138 0.008496402877697842
139 0.008507142857142857
140 0.008531914893617022
141 0.008535211267605633
142 0.008587412587412586
143 0.008583333333333333
144 0.008572413793103448
145 0.008582191780821917
146 0.008612244897959184
147 0.008601351351351351
148 0.008583892617449664
149 0.008566666666666667
150 0.008549668874172184
151 0.008532894736842106
152 0.008516339869281046
153 0.008499999999999999
154 0.008483870967741934
155 0.008467948717948717
156 0.008452229299363057
157 0.008436708860759494
158 0.008421383647798743
159 0.00840625
160 0.008397515527950311
161 0.008388888888888888
162 0.00841717791411043
163 0.008402439024390243
164 0.008393939393939395
165 0.00839156626506024
166 0.008389221556886227
167 0.008375
168 0.008366863905325444
169 0.008358823529411766
170 0.008345029239766082
171 0.00833139534883721
172 0.008317919075144509
173 0.008304597701149425
174 0.008291428571428571
175 0.008278409090909091
176 0.008265536723163842
177 0.008252808988764045
178 0.00824022346368715
179 0.008227777777777778
180 0.008215469613259668
181 0.008203296703296704
182 0.00821311475409836
183 0.008206521739130435
184 0.008199999999999999
185 0.008188172043010752
186 0.008176470588235294
187 0.008164893617021276
188 0.008153439153439152
189 0.008142105263157895
190 0.00813089005235602
191 0.008119791666666666
192 0.00810880829015544
193 0.008097938144329896
194 0.008087179487179488
195 0.008076530612244897
196 0.008065989847715735
197 0.008055555555555555
198 0.008045226130653267
199 0.008035
200 0.008024875621890547
201 0.008014851485148515
202 0.008004926108374385
203 0.007995098039215687
204 0.007985365853658537
205 0.007975728155339807
206 0.007966183574879227
207 0.00795673076923077
208 0.007947368421052632
209 0.007938095238095239
210 0.007928909952606636
211 0.007919811320754717
212 0.007910798122065727
213 0.007901869158878505
214 0.007893023255813954
215 0.00788425925925926
216 0.00787557603686636
217 0.007866972477064221
218 0.007858447488584476
219 0.007850000000000001
220 0.007841628959276018
221 0.007833333333333335
222 0.007825112107623319
223 0.007816964285714285
224 0.007808888888888889
225 0.007800884955752212
226 0.007792951541850219
227 0.007789473684210527
228 0.0077816593886462886
229 0.007773913043478261
230 0.0077662337662337665
231 0.007758620689655172
232 0.007751072961373391
233 0.007743589743589744
234 0.007736170212765957
235 0.007728813559322034
236 0.007721518987341773
237 0.007714285714285714
238 0.007707112970711297
239 0.0077
240 0.007692946058091287
241 0.007685950413223141
242 0.007679012345679013
243 0.007672131147540984
244 0.007665306122448979
245 0.007670731707317073
246 0.007663967611336033
247 0.0076572580645161295
248 0.007650602409638554
249 0.007644
250 0.007637450199203187
251 0.0076309523809523815
252 0.007624505928853755
253 0.007618110236220473
254 0.0076117647058823535
255 0.00760546875
256 0.007599221789883269
257 0.007593023255813954
258 0.007586872586872588
259 0.007580769230769231
260 0.007574712643678161
261 0.007568702290076336
262 0.0075627376425855515
263 0.007556818181818182
264 0.007550943396226415
265 0.007545112781954888
266 0.007539325842696629
267 0.007533582089552239
268 0.0075278810408921926
269 0.007522222222222223
270 0.00751660516605166
271 0.007511029411764706
272 0.007505494505494505
273 0.007500000000000001
274 0.007494545454545454
275 0.007496376811594202
276 0.007498194945848375
277 0.0075
278 0.007505376344086021
279 0.007514285714285715
280 0.007512455516014236
281 0.007514184397163121
282 0.007547703180212015
283 0.007577464788732395
284 0.007603508771929824
285 0.007629370629370629
286 0.0076306620209059236
287 0.0076458333333333335
288 0.0076608996539792385
289 0.007675862068965517
290 0.00768384879725086
291 0.007688356164383562
292 0.007692832764505119
293 0.007697278911564625
294 0.007701694915254236
295 0.007722972972972973
296 0.00773063973063973
297 0.007734899328859061
298 0.0077424749163879595
299 0.007743333333333333
300 0.00774750830564784
301 0.007748344370860927
302 0.007755775577557756
303 0.007759868421052632
304 0.0077639344262295075
305 0.007764705882352941
306 0.007758957654723128
307 0.00775974025974026
308 0.007754045307443365
309 0.007748387096774194
310 0.007745980707395498
311 0.007743589743589743
312 0.007741214057507988
313 0.007735668789808916
314 0.00773015873015873
315 0.007731012658227848
316 0.0077318611987381705
317 0.0077295597484276736
318 0.007727272727272727
319 0.007728125
320 0.007741433021806853
321 0.0077857142857142864
322 0.007798761609907121
323 0.007824074074074075
324 0.007824615384615385
325 0.007822085889570552
326 0.007819571865443424
327 0.007820121951219512
328 0.007817629179331308
329 0.007815151515151516
330 0.00781570996978852
331 0.007813253012048193
332 0.0078078078078078084
333 0.007805389221556887
334 0.007802985074626866
335 0.007803571428571428
336 0.007804154302670623
337 0.007804733727810651
338 0.007805309734513274
339 0.007802941176470588
340 0.00780058651026393
341 0.007798245614035087
342 0.007798833819241982
343 0.007796511627906976
344 0.007797101449275362
345 0.007803468208092486
346 0.007804034582132566
347 0.007804597701149426
348 0.007802292263610315
349 0.0078
350 0.007800569800569801
351 0.0077982954545454545
352 0.007793201133144476
353 0.007790960451977401
354 0.007785915492957746
355 0.007783707865168539
356 0.007784313725490196
357 0.007779329608938548
358 0.007774373259052924
359 0.007769444444444445
360 0.007767313019390581
361 0.007767955801104972
362 0.0077658402203856745
363 0.007763736263736264
364 0.007761643835616439
365 0.007756830601092896
366 0.007752043596730246
367 0.00775
368 0.007745257452574526
369 0.00774054054054054
370 0.007735849056603774
371 0.007731182795698925
372 0.0077265415549597856
373 0.00772192513368984
374 0.007717333333333334
375 0.007712765957446808
376 0.007708222811671088
377 0.007703703703703704
378 0.007699208443271768
379 0.007694736842105263
380 0.007690288713910761
381 0.007685863874345549
382 0.007681462140992168
383 0.0076770833333333335
384 0.007672727272727273
385 0.007668393782383419
386 0.007664082687338502
387 0.007662371134020618
388 0.0076606683804627245
389 0.0076564102564102565
390 0.007654731457800512
391 0.007650510204081633
392 0.00764885496183206
393 0.007644670050761421
394 0.007643037974683545
395 0.007641414141414141
396 0.00763727959697733
397 0.0076331658291457286
398 0.0076290726817042605
399 0.007625
400 0.007620947630922694
401 0.007616915422885571
402 0.0076129032258064515
403 0.007608910891089109
404 0.0076049382716049385
405 0.007608374384236453
406 0.007606879606879607
407 0.0076029411764705875
408 0.007601466992665036
409 0.0076
410 0.00759610705596107
411 0.0075922330097087385
412 0.007588377723970944
413 0.007586956521739131
414 0.007585542168674699
415 0.007586538461538462
416 0.00758273381294964
417 0.00758133971291866
418 0.007577565632458234
419 0.007576190476190476
420 0.007574821852731592
421 0.007573459715639811
422 0.007574468085106384
423 0.007575471698113208
424 0.007574117647058823
425 0.007575117370892019
426 0.007573770491803278
427 0.007572429906542056
428 0.007571095571095572
429 0.007567441860465116
430 0.0075638051044083525
431 0.007560185185185185
432 0.007556581986143187
433 0.007552995391705069
434 0.007549425287356321
435 0.007545871559633027
436 0.007542334096109839
437 0.007538812785388128
438 0.007535307517084282
439 0.007531818181818182
440 0.007528344671201814
441 0.007524886877828055
442 0.007521444695259593
443 0.0075202702702702705
444 0.007519101123595506
445 0.007517937219730942
446 0.007514541387024608
447 0.007515625
448 0.007514476614699332
449 0.007513333333333333
450 0.00751441241685144
451 0.007515486725663717
452 0.007512141280353201
453 0.007513215859030837
454 0.007512087912087913
455 0.007508771929824561
456 0.0075098468271334795
457 0.007508733624454148
458 0.007507625272331155
459 0.007508695652173913
460 0.007507592190889371
461 0.007506493506493506
462 0.0075075593952483805
463 0.007508620689655172
464 0.007507526881720431
465 0.007508583690987124
466 0.007507494646680941
467 0.0075064102564102566
468 0.007507462686567164
469 0.007504255319148936
470 0.0075031847133757955
471 0.007502118644067797
472 0.007501057082452431
473 0.007500000000000001
474 0.007501052631578947
475 0.0075
476 0.0075010482180293495
477 0.007497907949790795
478 0.00749686847599165
479 0.007495833333333333
480 0.007494802494802495
481 0.007495850622406639
482 0.007494824016563147
483 0.007491735537190083
484 0.007492783505154639
485 0.007491769547325103
486 0.0074907597535934295
487 0.0074918032786885245
488 0.007488752556237219
489 0.007491836734693877
490 0.007492871690427698
491 0.007491869918699187
492 0.007490872210953347
493 0.007491902834008097
494 0.0074909090909090915
495 0.007489919354838709
496 0.007488933601609658
497 0.007485943775100402
498 0.007484969939879759
499 0.007484
