0 0.165
1 0.1605
2 0.15833333333333333
3 0.1575
4 0.157
5 0.15633333333333332
6 0.156
7 0.156
8 0.15566666666666668
9 0.15560000000000002
10 0.15554545454545454
11 0.1555
12 0.1553846153846154
13 0.15535714285714283
14 0.1552666666666667
15 0.15525
16 0.15517647058823528
17 0.1551111111111111
18 0.15510526315789475
19 0.15505
20 0.1550952380952381
21 0.15504545454545454
22 0.155
23 0.15495833333333334
24 0.15492
25 0.15484615384615383
26 0.15485185185185185
27 0.15482142857142858
28 0.15479310344827585
29 0.15476666666666666
30 0.15474193548387097
31 0.15475
32 0.1547272727272727
33 0.15473529411764705
34 0.15474285714285715
35 0.15472222222222223
36 0.1547027027027027
37 0.15471052631578947
38 0.1546923076923077
39 0.154675
40 0.1546829268292683
41 0.15469047619047618
42 0.15467441860465117
43 0.15468181818181817
44 0.1547111111111111
45 0.15469565217391304
46 0.15470212765957447
47 0.15470833333333334
48 0.154734693877551
49 0.15474
50 0.15474509803921568
51 0.15473076923076923
52 0.15473584905660379
53 0.15470370370370368
54 0.15469090909090907
55 0.15464285714285714
56 0.15464912280701754
57 0.15463793103448276
58 0.15462711864406778
59 0.15461666666666665
60 0.15460655737704918
61 0.1545967741935484
62 0.1545873015873016
63 0.15459375
64 0.15458461538461538
65 0.15459090909090908
66 0.15459701492537314
67 0.15458823529411767
68 0.15457971014492755
69 0.15455714285714287
70 0.15453521126760564
71 0.1545416666666667
72 0.15453424657534248
73 0.15452702702702703
74 0.15453333333333333
75 0.15452631578947368
76 0.15451948051948053
77 0.1545128205128205
78 0.15450632911392403
79 0.1544875
80 0.15448148148148147
81 0.15447560975609756
82 0.15446987951807228
83 0.15446428571428572
84 0.15447058823529414
85 0.15446511627906978
86 0.15447126436781608
87 0.1544659090909091
88 0.15446067415730336
89 0.15445555555555554
90 0.15445054945054945
91 0.15444565217391304
92 0.15443010752688172
93 0.15443617021276596
94 0.15443157894736842
95 0.15442708333333333
96 0.15442268041237112
97 0.15441836734693876
98 0.15441414141414142
99 0.15441000000000002
100 0.15441584158415841
101 0.15441176470588236
102 0.15440776699029127
103 0.1544326923076923
104 0.15442857142857142
105 0.1544245283018868
106 0.154411214953271
107 0.15440740740740738
108 0.15441284403669725
109 0.1544090909090909
110 0.1544054054054054
111 0.1544017857142857
112 0.15440707964601771
113 0.15440350877192982
114 0.1544
115 0.15439655172413794
116 0.1544017094017094
117 0.15439830508474578
118 0.15439495798319328
119 0.15439166666666668
120 0.15438842975206613
121 0.15438524590163935
122 0.15439024390243902
123 0.15439516129032257
124 0.154408
125 0.15440476190476188
126 0.15439370078740158
127 0.1543984375
128 0.15439534883720932
129 0.15437692307692308
130 0.15437404580152672
131 0.1543787878787879
132 0.15437593984962406
133 0.15438059701492537
134 0.15438518518518518
135 0.15438235294117647
136 0.1543868613138686
137 0.15439130434782608
138 0.1543884892086331
139 0.1543857142857143
140 0.15438297872340426
141 0.15438028169014084
142 0.1543846153846154
143 0.15438888888888888
144 0.15439310344827586
145 0.1543972602739726
146 0.1544013605442177
147 0.1544054054054054
148 0.1543959731543624
149 0.1544
150 0.15439735099337748
151 0.15439473684210525
152 0.1543921568627451
153 0.15438961038961038
154 0.15438709677419354
155 0.15438461538461537
156 0.15438216560509554
157 0.1543860759493671
158 0.15438364779874214
159 0.15438125
160 0.15437888198757765
161 0.15438271604938272
162 0.15438036809815953
163 0.1543780487804878
164 0.1543878787878788
165 0.15437951807228914
166 0.15436526946107784
167 0.15436904761904763
168 0.15437869822485206
169 0.15437647058823528
170 0.15437426900584794
171 0.1543720930232558
172 0.1543699421965318
173 0.15436781609195402
174 0.15436571428571427
175 0.15436931818181818
176 0.1543672316384181
177 0.15437078651685393
178 0.1543687150837989
179 0.15437222222222222
180 0.15436464088397792
181 0.15436813186813186
182 0.1543606557377049
183 0.15436413043478261
184 0.15436216216216214
185 0.15436021505376343
186 0.15435828877005348
187 0.1543563829787234
188 0.15434920634920635
189 0.15434736842105262
190 0.15435078534031416
191 0.15434895833333334
192 0.15434715025906737
193 0.15434536082474226
194 0.15434358974358975
195 0.15434183673469387
196 0.1543451776649746
197 0.15434343434343434
198 0.15435175879396987
199 0.15435000000000001
200 0.15434825870646768
201 0.15434653465346534
202 0.15434975369458126
203 0.15435294117647058
204 0.15435121951219513
205 0.1543495145631068
206 0.15434299516908212
207 0.15434134615384615
208 0.15433971291866028
209 0.15434761904761904
210 0.15434597156398105
211 0.1543490566037736
212 0.1543474178403756
213 0.15435046728971963
214 0.15434883720930234
215 0.15434722222222222
216 0.15434101382488477
217 0.1543440366972477
218 0.15433789954337898
219 0.15433636363636363
220 0.15433484162895927
221 0.15433333333333332
222 0.15433183856502242
223 0.15433035714285714
224 0.15432888888888888
225 0.15432300884955752
226 0.1543215859030837
227 0.15432456140350878
228 0.1543231441048035
229 0.15432608695652172
230 0.15432467532467534
231 0.15432327586206895
232 0.15432188841201716
233 0.1543162393162393
234 0.15431489361702128
235 0.15431779661016948
236 0.15432067510548522
237 0.15431932773109244
238 0.15431799163179916
239 0.15432083333333332
240 0.1543195020746888
241 0.15431818181818183
242 0.15431687242798356
243 0.15431967213114756
244 0.15432244897959183
245 0.15432113821138213
246 0.1543238866396761
247 0.15433467741935483
248 0.15434136546184737
249 0.15434
250 0.15433864541832668
251 0.15433730158730158
252 0.15433596837944663
253 0.15433464566929134
254 0.1543372549019608
255 0.1543359375
256 0.15433463035019457
257 0.15433333333333332
258 0.15433590733590732
259 0.15433076923076922
260 0.15432950191570882
261 0.1543320610687023
262 0.15433079847908746
263 0.15433333333333332
264 0.15433584905660377
265 0.15433834586466166
266 0.1543370786516854
267 0.1543358208955224
268 0.1543345724907063
269 0.15433703703703702
270 0.1543357933579336
271 0.15433455882352942
272 0.15433333333333335
273 0.15433576642335764
274 0.15433454545454545
275 0.15433333333333332
276 0.15433574007220216
277 0.15433812949640288
278 0.15433691756272402
279 0.15433928571428573
280 0.15433807829181495
281 0.1543368794326241
282 0.1543356890459364
283 0.15433450704225354
284 0.15433333333333332
285 0.15433216783216785
286 0.15433449477351915
287 0.15433333333333332
288 0.1543356401384083
289 0.1543344827586207
290 0.15433333333333335
291 0.15433561643835617
292 0.15433447098976108
293 0.15433333333333335
294 0.1543322033898305
295 0.15433445945945945
296 0.15433333333333335
297 0.15433557046979865
298 0.15433444816053513
299 0.15433333333333332
300 0.15433222591362125
301 0.1543344370860927
302 0.15433333333333332
303 0.15433223684210526
304 0.15432786885245903
305 0.1543267973856209
306 0.15432899022801302
307 0.1543279220779221
308 0.15432686084142394
309 0.15433225806451614
310 0.15433118971061094
311 0.1543301282051282
312 0.1543290734824281
313 0.1543312101910828
314 0.15433333333333335
315 0.15433227848101266
316 0.15433123028391169
317 0.15432704402515723
318 0.15432915360501567
319 0.15432812499999998
320 0.15432710280373832
321 0.15432608695652172
322 0.1543250773993808
323 0.15432407407407406
324 0.15432
325 0.15431901840490797
326 0.15431498470948013
327 0.15431402439024391
328 0.15431003039513677
329 0.1543060606060606
330 0.15430513595166165
331 0.15430120481927712
332 0.15430030030030029
333 0.15429640718562873
334 0.1542955223880597
335 0.15429464285714287
336 0.15429376854599405
337 0.15429289940828403
338 0.15429203539823008
339 0.15429117647058824
340 0.15429032258064515
341 0.15428947368421053
342 0.1542857142857143
343 0.15428779069767443
344 0.1542840579710145
345 0.15428612716763007
346 0.15428530259365994
347 0.1542844827586207
348 0.1542836676217765
349 0.15428285714285714
350 0.15427920227920228
351 0.1542784090909091
352 0.15428045325779036
353 0.15427966101694915
354 0.15427887323943662
355 0.15427808988764047
356 0.15428011204481792
357 0.15428212290502794
358 0.15428133704735375
359 0.15428055555555556
360 0.15427700831024932
361 0.15427624309392265
362 0.15427823691460055
363 0.1542774725274725
364 0.15427671232876713
365 0.15427595628415303
366 0.15427792915531335
367 0.1542771739130435
368 0.15427642276422762
369 0.154272972972973
370 0.15426954177897576
371 0.15426881720430108
372 0.15426541554959786
373 0.15426470588235294
374 0.15426133333333333
375 0.15426329787234042
376 0.15425994694960213
377 0.15425925925925926
378 0.1542585751978892
379 0.1542605263157895
380 0.15425984251968505
381 0.15425916230366493
382 0.1542584856396867
383 0.1542578125
384 0.15425974025974026
385 0.15425906735751294
386 0.1542558139534884
387 0.15425257731958764
388 0.15425192802056556
389 0.15425128205128205
390 0.1542531969309463
391 0.15425255102040816
392 0.15425190839694658
393 0.154251269035533
394 0.15425316455696203
395 0.1542550505050505
396 0.1542544080604534
397 0.1542537688442211
398 0.1542531328320802
399 0.15425250000000001
400 0.15425187032418952
401 0.15425124378109453
402 0.1542481389578164
403 0.15424752475247525
404 0.15424444444444443
405 0.154243842364532
406 0.15424324324324323
407 0.1542426470588235
408 0.15424205378973105
409 0.1542390243902439
410 0.15423844282238444
411 0.15424271844660195
412 0.15424213075060533
413 0.1542415458937198
414 0.1542409638554217
415 0.1542403846153846
416 0.15424460431654674
417 0.154244019138756
418 0.15424343675417662
419 0.15424285714285713
420 0.15424228028503564
421 0.15424170616113744
422 0.15424113475177306
423 0.15424292452830188
424 0.15424235294117647
425 0.15424178403755867
426 0.15424121779859487
427 0.15424299065420563
428 0.15424242424242424
429 0.1542418604651163
430 0.15424361948955917
431 0.15424074074074076
432 0.15424018475750578
433 0.15423963133640553
434 0.1542390804597701
435 0.15423853211009175
436 0.1542379862700229
437 0.15423744292237443
438 0.1542346241457859
439 0.1542340909090909
440 0.15423356009070294
441 0.15423303167420815
442 0.15423476297968397
443 0.15423423423423424
444 0.1542359550561798
445 0.1542354260089686
446 0.15423266219239373
447 0.15423214285714287
448 0.1542293986636971
449 0.15422888888888892
450 0.15422838137472283
451 0.15422787610619468
452 0.15422737306843265
453 0.15422687224669604
454 0.15422417582417583
455 0.1542236842105263
456 0.15422319474835888
457 0.154235807860262
458 0.15423529411764705
459 0.15423695652173913
460 0.15423644251626897
461 0.15423593073593075
462 0.15423326133909288
463 0.15423491379310345
464 0.15423655913978496
465 0.15423605150214592
466 0.15423554603854392
467 0.15423290598290598
468 0.1542324093816631
469 0.15423191489361704
470 0.15423142250530786
471 0.15423305084745764
472 0.15423467230443974
473 0.15423628691983124
474 0.1542336842105263
475 0.15422899159663864
476 0.1542348008385744
477 0.15423430962343096
478 0.15423590814196242
479 0.1542375
480 0.15423700623700623
481 0.15424896265560165
482 0.15424844720496894
483 0.15424793388429753
484 0.1542474226804124
485 0.15424897119341566
486 0.15424845995893224
487 0.15424795081967213
488 0.1542474437627812
489 0.1542469387755102
490 0.15424643584521386
491 0.15424796747967479
492 0.15424746450304258
493 0.15424493927125507
494 0.15424444444444443
495 0.15424395161290322
496 0.15424346076458753
497 0.1542429718875502
498 0.15424248496993986
499 0.154244
