0 0.161
1 0.1605
2 0.16
3 0.15975
4 0.15960000000000002
5 0.15966666666666665
6 0.15957142857142856
7 0.159625
8 0.15955555555555556
9 0.1597
10 0.15981818181818183
11 0.15991666666666668
12 0.15992307692307695
13 0.16
14 0.16006666666666666
15 0.160125
16 0.16005882352941178
17 0.16005555555555553
18 0.16005263157894736
19 0.16005
20 0.1600952380952381
21 0.1600909090909091
22 0.1601304347826087
23 0.160125
24 0.16012
25 0.16015384615384615
26 0.16014814814814815
27 0.16014285714285714
28 0.16013793103448276
29 0.16013333333333335
30 0.16016129032258064
31 0.1601875
32 0.16018181818181818
33 0.16017647058823528
34 0.16017142857142858
35 0.16019444444444444
36 0.16016216216216217
37 0.16021052631578947
38 0.16020512820512822
39 0.1602
40 0.16021951219512195
41 0.16021428571428573
42 0.1602093023255814
43 0.16020454545454546
44 0.16019999999999998
45 0.16021739130434784
46 0.16021276595744682
47 0.16020833333333334
48 0.16020408163265307
49 0.1602
50 0.1601764705882353
51 0.16017307692307695
52 0.16018867924528302
53 0.1602962962962963
54 0.1603090909090909
55 0.16030357142857143
56 0.1602982456140351
57 0.16025862068965518
58 0.1602542372881356
59 0.16028333333333336
60 0.16027868852459015
61 0.1602741935483871
62 0.16026984126984126
63 0.160265625
64 0.16026153846153846
65 0.16024242424242424
66 0.16023880597014925
67 0.16023529411764706
68 0.1602608695652174
69 0.16024285714285716
70 0.16025352112676056
71 0.16025
72 0.16026027397260273
73 0.16027027027027027
74 0.16026666666666667
75 0.16027631578947368
76 0.16027272727272726
77 0.16026923076923077
78 0.1602658227848101
79 0.1602625
80 0.16025925925925927
81 0.1602439024390244
82 0.1602409638554217
83 0.16023809523809524
84 0.16023529411764706
85 0.16024418604651164
86 0.16024137931034482
87 0.16023863636363636
88 0.16023595505617977
89 0.16023333333333334
90 0.16023076923076923
91 0.1602391304347826
92 0.1602258064516129
93 0.16022340425531914
94 0.1602421052631579
95 0.16023958333333332
96 0.16021649484536082
97 0.16020408163265307
98 0.1601919191919192
99 0.1602
100 0.1602079207920792
101 0.16019607843137254
102 0.16018446601941747
103 0.1601826923076923
104 0.16017142857142858
105 0.16017924528301886
106 0.16018691588785047
107 0.16017592592592592
108 0.16016513761467888
109 0.16016363636363634
110 0.16016216216216214
111 0.16016071428571427
112 0.16015929203539822
113 0.1601578947368421
114 0.16015652173913042
115 0.1601551724137931
116 0.16016239316239317
117 0.16016949152542373
118 0.16017647058823528
119 0.160175
120 0.16017355371900827
121 0.16018032786885247
122 0.16017073170731708
123 0.16016935483870967
124 0.160168
125 0.16016666666666668
126 0.16016535433070866
127 0.1601640625
128 0.16015503875968992
129 0.16013846153846156
130 0.1601374045801527
131 0.16013636363636366
132 0.16012781954887217
133 0.1601268656716418
134 0.16012592592592592
135 0.16012500000000002
136 0.1601240875912409
137 0.16012318840579712
138 0.1601223021582734
139 0.1601142857142857
140 0.16011347517730498
141 0.16011267605633803
142 0.16011188811188812
143 0.16011111111111112
144 0.1601103448275862
145 0.1601095890410959
146 0.16010884353741497
147 0.16011486486486487
148 0.16010738255033558
149 0.16010666666666665
150 0.16009933774834437
151 0.1600986842105263
152 0.16009803921568627
153 0.1600909090909091
154 0.16009032258064515
155 0.1601025641025641
156 0.16010191082802547
157 0.16009493670886077
158 0.1600943396226415
159 0.16009374999999998
160 0.16009937888198758
161 0.16009876543209878
162 0.16009815950920245
163 0.16009756097560976
164 0.1600969696969697
165 0.16010240963855424
166 0.16009580838323353
167 0.1600952380952381
168 0.1600887573964497
169 0.16008235294117645
170 0.16007602339181287
171 0.16007558139534883
172 0.16007514450867052
173 0.16007471264367817
174 0.16007428571428572
175 0.1600625
176 0.16006214689265535
177 0.1600561797752809
178 0.16006145251396647
179 0.1600611111111111
180 0.16006629834254144
181 0.16006593406593408
182 0.16006557377049183
183 0.16006521739130436
184 0.16007027027027027
185 0.16006451612903225
186 0.16006417112299465
187 0.16006382978723405
188 0.16006349206349205
189 0.16006315789473682
190 0.16005759162303665
191 0.16005729166666668
192 0.16005699481865285
193 0.16005670103092784
194 0.16005641025641024
195 0.16006122448979593
196 0.16005583756345176
197 0.16005050505050505
198 0.16004522613065328
199 0.160045
200 0.16004477611940296
201 0.16004455445544555
202 0.16004433497536943
203 0.16004411764705884
204 0.1600439024390244
205 0.16004368932038834
206 0.16003864734299517
207 0.16003365384615384
208 0.16003349282296653
209 0.1600238095238095
210 0.16002369668246447
211 0.16002358490566038
212 0.16002347417840376
213 0.16001869158878504
214 0.16001395348837208
215 0.16000925925925924
216 0.16000460829493085
217 0.1600045871559633
218 0.16000456621004563
219 0.16000454545454545
220 0.1600045248868778
221 0.16
222 0.1599955156950673
223 0.15999107142857144
224 0.15998666666666667
225 0.15999557522123894
226 0.16
227 0.15999999999999998
228 0.16
229 0.16001304347826087
230 0.16000865800865802
231 0.16000862068965518
232 0.16000429184549356
233 0.1599957264957265
234 0.15999148936170213
235 0.1599872881355932
236 0.1599873417721519
237 0.1599873949579832
238 0.15998326359832635
239 0.15998333333333334
240 0.15998340248962656
241 0.15998347107438016
242 0.15998353909465018
243 0.15998360655737706
244 0.15998775510204083
245 0.15998780487804878
246 0.15998380566801618
247 0.15998790322580644
248 0.15999196787148595
249 0.159992
250 0.15999203187250996
251 0.1599920634920635
252 0.15998418972332015
253 0.15998818897637795
254 0.15998823529411763
255 0.15998828125
256 0.159988326848249
257 0.15998837209302327
258 0.159984555984556
259 0.15998076923076923
260 0.15997701149425286
261 0.15997709923664122
262 0.15997718631178706
263 0.15997727272727275
264 0.15997735849056602
265 0.15997744360902255
266 0.15997752808988763
267 0.15997761194029853
268 0.15997769516728624
269 0.15997777777777777
270 0.15997785977859777
271 0.15998529411764706
272 0.159985347985348
273 0.15998540145985402
274 0.15998181818181817
275 0.159981884057971
276 0.15998194945848374
277 0.15997841726618703
278 0.15998207885304658
279 0.15998214285714285
280 0.15998220640569394
281 0.1599822695035461
282 0.15998233215547703
283 0.15998239436619718
284 0.15998245614035086
285 0.15998601398601398
286 0.15998606271777002
287 0.1599826388888889
288 0.1599826989619377
289 0.15997931034482757
290 0.15997938144329898
291 0.15997260273972605
292 0.15996928327645052
293 0.15997278911564625
294 0.15996949152542372
295 0.1599695945945946
296 0.15996969696969698
297 0.1599731543624161
298 0.15996989966555186
299 0.15997
300 0.1599700996677741
301 0.1599701986754967
302 0.15997029702970295
303 0.1599703947368421
304 0.1599672131147541
305 0.15996732026143792
306 0.1599641693811075
307 0.1599642857142857
308 0.15996763754045307
309 0.15996774193548388
310 0.15997106109324757
311 0.15997115384615385
312 0.15997124600638976
313 0.15996815286624202
314 0.15996825396825398
315 0.15996835443037974
316 0.1599684542586751
317 0.15996855345911948
318 0.15996865203761756
319 0.15996875
320 0.1599657320872274
321 0.15996583850931678
322 0.15996594427244581
323 0.15996604938271605
324 0.15996615384615384
325 0.1599631901840491
326 0.1599663608562691
327 0.15996646341463416
328 0.15996656534954407
329 0.15996363636363636
330 0.1599667673716012
331 0.15996686746987954
332 0.15996696696696697
333 0.15996706586826348
334 0.15996716417910448
335 0.1599732142857143
336 0.159973293768546
337 0.15997337278106508
338 0.15997345132743362
339 0.1599764705882353
340 0.1599765395894428
341 0.15997660818713452
342 0.15997667638483964
343 0.1599767441860465
344 0.1599768115942029
345 0.15998265895953756
346 0.15998270893371758
347 0.15998275862068964
348 0.15997994269340973
349 0.1599857142857143
350 0.159994301994302
351 0.15999431818181817
352 0.1599915014164306
353 0.15999152542372883
354 0.1599887323943662
355 0.15998876404494383
356 0.1599859943977591
357 0.1599832402234637
358 0.15998050139275766
359 0.15998055555555557
360 0.15998060941828254
361 0.1599806629834254
362 0.1599779614325069
363 0.15997802197802197
364 0.15997808219178083
365 0.1599754098360656
366 0.15997002724795642
367 0.15996739130434784
368 0.1599647696476965
369 0.15996486486486486
370 0.15996495956873316
371 0.15996774193548388
372 0.15996782841823057
373 0.1599679144385027
374 0.15996533333333335
375 0.1599654255319149
376 0.1599628647214854
377 0.15996296296296297
378 0.15996306068601582
379 0.1599657894736842
380 0.15996587926509187
381 0.15996596858638742
382 0.15996605744125328
383 0.15996875
384 0.15996883116883118
385 0.15996891191709844
386 0.15996899224806202
387 0.1599742268041237
388 0.15997429305912594
389 0.1599717948717949
390 0.15997442455242966
391 0.15997193877551022
392 0.15997201017811705
393 0.1599720812182741
394 0.15996962025316455
395 0.1599722222222222
396 0.15997481108312342
397 0.1599748743718593
398 0.15997243107769424
399 0.1599725
400 0.15997007481296757
401 0.1599726368159204
402 0.15997518610421835
403 0.15997524752475245
404 0.15997530864197532
405 0.15997783251231526
406 0.15997542997542996
407 0.15997549019607843
408 0.1599755501222494
409 0.15997560975609756
410 0.1599756690997567
411 0.1599757281553398
412 0.15997336561743342
413 0.1599734299516908
414 0.1599710843373494
415 0.15997115384615385
416 0.15996882494004794
417 0.15996889952153112
418 0.1599689737470167
419 0.15996904761904762
420 0.1599691211401425
421 0.15996919431279621
422 0.1599692671394799
423 0.15996698113207547
424 0.15996470588235295
425 0.15996713615023475
426 0.1599625292740047
427 0.15996028037383175
428 0.15996037296037297
429 0.15996046511627907
430 0.15996055684454755
431 0.15996296296296297
432 0.15996304849884527
433 0.159963133640553
434 0.15996091954022987
435 0.1599633027522936
436 0.15996567505720824
437 0.15996575342465752
438 0.15996583143507973
439 0.15996818181818181
440 0.15996825396825398
441 0.1599660633484163
442 0.15996613995485326
443 0.15996396396396398
444 0.15996404494382022
445 0.1599641255605381
446 0.15996420581655482
447 0.15996205357142856
448 0.1599621380846325
449 0.15996
450 0.159960088691796
451 0.15996017699115045
452 0.15996026490066226
453 0.1599603524229075
454 0.15996043956043957
455 0.1599627192982456
456 0.1599628008752735
457 0.1599650655021834
458 0.1599673202614379
459 0.1599673913043478
460 0.15996746203904555
461 0.15996969696969698
462 0.15996976241900648
463 0.1599698275862069
464 0.15996989247311827
465 0.15997210300429185
466 0.15997216274089934
467 0.15997008547008548
468 0.1599680170575693
469 0.15997021276595746
470 0.1599702760084926
471 0.15997033898305085
472 0.15997040169133192
473 0.15997046413502108
474 0.15996842105263157
475 0.15996848739495798
476 0.1599685534591195
477 0.15996861924686193
478 0.1599686847599165
479 0.15996875
480 0.15996881496881496
481 0.1599688796680498
482 0.15996687370600413
483 0.15996694214876034
484 0.15996701030927835
485 0.15996707818930042
486 0.1599671457905544
487 0.15996516393442622
488 0.15996523517382413
489 0.15996326530612245
490 0.1599633401221996
491 0.15996341463414634
492 0.15996348884381337
493 0.15996356275303644
494 0.15996161616161617
495 0.15995967741935485
496 0.15995774647887323
497 0.15995783132530123
498 0.15995791583166333
499 0.159958
