0 0.007
1 0.007
2 0.007333333333333333
3 0.0075
4 0.0086
5 0.008499999999999999
6 0.008285714285714287
7 0.008
8 0.007888888888888888
9 0.0078
10 0.007818181818181818
11 0.007666666666666666
12 0.007615384615384616
13 0.007571428571428571
14 0.007466666666666667
15 0.0074375
16 0.007411764705882353
17 0.007388888888888889
18 0.007421052631578946
19 0.00735
20 0.007333333333333333
21 0.0076363636363636364
22 0.007695652173913043
23 0.00775
24 0.00772
25 0.007730769230769231
26 0.007925925925925927
27 0.007928571428571429
28 0.007896551724137932
29 0.007899999999999999
30 0.007838709677419354
31 0.0078125
32 0.007787878787878788
33 0.007735294117647059
34 0.007742857142857143
35 0.007722222222222223
36 0.007702702702702702
37 0.007684210526315789
38 0.007666666666666666
39 0.0076749999999999995
40 0.007682926829268293
41 0.00769047619047619
42 0.00772093023255814
43 0.007727272727272728
44 0.0077333333333333325
45 0.007739130434782609
46 0.00774468085106383
47 0.00775
48 0.0077346938775510205
49 0.00776
50 0.007745098039215687
51 0.007730769230769231
52 0.007735849056603773
53 0.007703703703703703
54 0.00769090909090909
55 0.007678571428571429
56 0.00768421052631579
57 0.007655172413793104
58 0.007644067796610169
59 0.007633333333333334
60 0.007622950819672131
61 0.007629032258064516
62 0.007619047619047619
63 0.007609375
64 0.0076
65 0.007590909090909091
66 0.007597014925373134
67 0.007588235294117647
68 0.007579710144927537
69 0.0076
70 0.007605633802816902
71 0.007611111111111112
72 0.007616438356164384
73 0.007621621621621621
74 0.007613333333333333
75 0.007618421052631578
76 0.007623376623376623
77 0.007628205128205128
78 0.007632911392405063
79 0.007625
80 0.0076296296296296294
81 0.007621951219512195
82 0.00763855421686747
83 0.007642857142857143
84 0.007647058823529412
85 0.0076395348837209305
86 0.007643678160919541
87 0.007647727272727273
88 0.007651685393258428
89 0.007644444444444444
90 0.007637362637362637
91 0.007641304347826086
92 0.00764516129032258
93 0.007638297872340425
94 0.007631578947368421
95 0.007625
96 0.007618556701030928
97 0.007602040816326531
98 0.007595959595959596
99 0.0076
100 0.007613861386138614
101 0.007666666666666667
102 0.007718446601941748
103 0.007730769230769231
104 0.007857142857142856
105 0.007877358490566037
106 0.007971962616822429
107 0.007972222222222223
108 0.007981651376146788
109 0.008018181818181818
110 0.00800900900900901
111 0.007991071428571429
112 0.007973451327433628
113 0.007956140350877194
114 0.007956521739130435
115 0.007956896551724138
116 0.007957264957264957
117 0.007940677966101695
118 0.00792436974789916
119 0.007908333333333333
120 0.007892561983471075
121 0.007877049180327868
122 0.007869918699186991
123 0.007854838709677419
124 0.00784
125 0.007825396825396826
126 0.007811023622047244
127 0.007796875
128 0.0077829457364341085
129 0.007776923076923076
130 0.007786259541984733
131 0.007772727272727273
132 0.007759398496240601
133 0.007753731343283582
134 0.00774074074074074
135 0.007727941176470588
136 0.007715328467153284
137 0.0077028985507246375
138 0.007690647482014388
139 0.007678571428571428
140 0.007666666666666666
141 0.007654929577464788
142 0.007643356643356644
143 0.007631944444444445
144 0.007620689655172414
145 0.0076095890410958905
146 0.007598639455782313
147 0.007587837837837838
148 0.007577181208053691
149 0.007566666666666667
150 0.007556291390728477
151 0.007546052631578947
152 0.007542483660130718
153 0.007532467532467532
154 0.00752258064516129
155 0.007525641025641025
156 0.007528662420382165
157 0.007531645569620253
158 0.007522012578616352
159 0.0075125
160 0.0075031055900621115
161 0.007493827160493827
162 0.007484662576687116
163 0.007475609756097561
164 0.007466666666666667
165 0.007457831325301205
166 0.0074491017964071855
167 0.00744047619047619
168 0.007431952662721893
169 0.0074235294117647056
170 0.0074152046783625735
171 0.007406976744186047
172 0.007398843930635838
173 0.00739080459770115
174 0.007382857142857143
175 0.0073750000000000005
176 0.007367231638418079
177 0.007365168539325843
178 0.00735754189944134
179 0.007355555555555556
180 0.007353591160220994
181 0.007346153846153846
182 0.00733879781420765
183 0.0073315217391304345
184 0.0073243243243243245
185 0.007317204301075269
186 0.007310160427807487
187 0.007303191489361702
188 0.007301587301587301
189 0.007294736842105263
190 0.007293193717277487
191 0.007291666666666666
192 0.007284974093264248
193 0.007283505154639176
194 0.0072769230769230775
195 0.0072704081632653066
196 0.007263959390862945
197 0.007257575757575758
198 0.007251256281407036
199 0.007245000000000001
200 0.007243781094527363
201 0.007237623762376237
202 0.007231527093596059
203 0.0072254901960784315
204 0.0072195121951219516
205 0.007218446601941748
206 0.00721256038647343
207 0.00720673076923077
208 0.007200956937799043
209 0.007195238095238095
210 0.007189573459715639
211 0.007183962264150943
212 0.007178403755868544
213 0.0071728971962616815
214 0.007167441860465116
215 0.007162037037037037
216 0.007156682027649769
217 0.007151376146788991
218 0.007146118721461187
219 0.007140909090909091
220 0.007135746606334842
221 0.007130630630630631
222 0.007125560538116592
223 0.007120535714285714
224 0.0071155555555555555
225 0.007110619469026549
226 0.007110132158590309
227 0.007105263157894737
228 0.007100436681222707
229 0.007095652173913043
230 0.00709090909090909
231 0.007086206896551724
232 0.007081545064377682
233 0.007076923076923076
234 0.007072340425531914
235 0.007067796610169492
236 0.007067510548523207
237 0.007063025210084034
238 0.0070585774058577406
239 0.007054166666666667
240 0.007049792531120333
241 0.007045454545454546
242 0.007041152263374486
243 0.00703688524590164
244 0.007032653061224491
245 0.007028455284552846
246 0.007024291497975709
247 0.007020161290322581
248 0.007016064257028113
249 0.007011999999999999
250 0.007007968127490039
251 0.007003968253968254
252 0.006999999999999999
253 0.006996062992125984
254 0.006992156862745098
255 0.0069921875
256 0.006992217898832685
257 0.006988372093023255
258 0.006984555984555984
259 0.0069807692307692305
260 0.006977011494252873
261 0.006973282442748092
262 0.006969581749049429
263 0.006965909090909091
264 0.006962264150943396
265 0.006958646616541353
266 0.006955056179775281
267 0.0069514925373134326
268 0.006947955390334572
269 0.006944444444444444
270 0.006940959409594096
271 0.0069375
272 0.0069340659340659345
273 0.006930656934306569
274 0.006927272727272727
275 0.006923913043478261
276 0.00692057761732852
277 0.00691726618705036
278 0.006913978494623656
279 0.006910714285714286
280 0.006907473309608541
281 0.006904255319148936
282 0.006901060070671378
283 0.006897887323943662
284 0.006894736842105263
285 0.006891608391608392
286 0.006888501742160279
287 0.006885416666666667
288 0.0068823529411764705
289 0.006879310344827586
290 0.006876288659793814
291 0.006873287671232877
292 0.0068703071672354945
293 0.00686734693877551
294 0.006864406779661016
295 0.006861486486486487
296 0.006858585858585858
297 0.006855704697986578
298 0.006852842809364548
299 0.00685
300 0.006847176079734219
301 0.006844370860927153
302 0.006841584158415842
303 0.006842105263157895
304 0.006839344262295081
305 0.006843137254901961
306 0.0068403908794788275
307 0.006844155844155844
308 0.00684789644012945
309 0.006848387096774195
310 0.006848874598070739
311 0.006849358974358974
312 0.006849840255591055
313 0.006850318471337579
314 0.006850793650793651
315 0.006848101265822785
316 0.006848580441640378
317 0.006849056603773585
318 0.00684639498432602
319 0.006846875
320 0.006847352024922118
321 0.0068447204968944105
322 0.0068482972136222914
323 0.006848765432098765
324 0.006849230769230769
325 0.006849693251533742
326 0.006847094801223241
327 0.006847560975609756
328 0.00684498480243161
329 0.006845454545454545
330 0.006842900302114804
331 0.006843373493975903
332 0.006840840840840841
333 0.006844311377245509
334 0.006847761194029851
335 0.0068482142857142865
336 0.006845697329376854
337 0.006849112426035503
338 0.006852507374631269
339 0.00685
340 0.006850439882697947
341 0.006850877192982456
342 0.006854227405247814
343 0.006854651162790698
344 0.006857971014492754
345 0.006861271676300578
346 0.006861671469740633
347 0.006864942528735631
348 0.006868194842406876
349 0.006871428571428571
350 0.006874643874643874
351 0.006877840909090909
352 0.006881019830028328
353 0.00688135593220339
354 0.006884507042253521
355 0.006884831460674158
356 0.006885154061624651
357 0.006888268156424582
358 0.006891364902506965
359 0.006891666666666667
360 0.00689196675900277
361 0.006895027624309392
362 0.006898071625344352
363 0.006901098901098901
364 0.006898630136986301
365 0.006901639344262294
366 0.0069019073569482284
367 0.006904891304347826
368 0.006905149051490515
369 0.006905405405405406
370 0.006902964959568733
371 0.0069059139784946235
372 0.006908847184986595
373 0.0069117647058823525
374 0.006912000000000001
375 0.006914893617021277
376 0.006917771883289125
377 0.006920634920634921
378 0.006923482849604222
379 0.006923684210526315
380 0.006926509186351706
381 0.006926701570680628
382 0.0069242819843342044
383 0.0069244791666666665
384 0.006927272727272726
385 0.0069274611398963725
386 0.006930232558139534
387 0.006930412371134021
388 0.006933161953727507
389 0.006935897435897436
390 0.006933503836317135
391 0.006936224489795918
392 0.006938931297709923
393 0.006936548223350254
394 0.006939240506329114
395 0.006941919191919192
396 0.006939546599496221
397 0.006939698492462312
398 0.0069398496240601504
399 0.006942500000000001
400 0.006945137157107232
401 0.006945273631840796
402 0.006945409429280396
403 0.00695049504950495
404 0.006953086419753086
405 0.00695320197044335
406 0.006953316953316953
407 0.006950980392156862
408 0.006953545232273838
409 0.006956097560975609
410 0.006958637469586374
411 0.006961165048543689
412 0.006963680387409201
413 0.006966183574879227
414 0.006968674698795181
415 0.006971153846153846
416 0.006973621103117506
417 0.006973684210526316
418 0.006976133651551313
419 0.006978571428571429
420 0.006978622327790974
421 0.00697867298578199
422 0.006981087470449172
423 0.006983490566037735
424 0.006983529411764706
425 0.006983568075117371
426 0.0069812646370023415
427 0.006983644859813084
428 0.006986013986013986
429 0.006988372093023255
430 0.006990719257540603
431 0.006990740740740741
432 0.006990762124711317
433 0.006993087557603687
434 0.006995402298850575
435 0.006997706422018349
436 0.0069954233409610985
437 0.006993150684931507
438 0.006990888382687927
439 0.006988636363636364
440 0.006986394557823129
441 0.006984162895927602
442 0.0069841986455981935
443 0.006984234234234234
444 0.0069842696629213484
445 0.006986547085201794
446 0.006984340044742729
447 0.0069866071428571425
448 0.006984409799554566
449 0.006982222222222222
450 0.006982261640798226
451 0.006980088495575221
452 0.006980132450331126
453 0.0069801762114537445
454 0.0069802197802197805
455 0.006978070175438596
456 0.0069803063457330415
457 0.006978165938864629
458 0.006978213507625272
459 0.0069804347826086955
460 0.006982646420824295
461 0.006984848484848484
462 0.006982721382289417
463 0.006982758620689655
464 0.006980645161290323
465 0.0069806866952789705
466 0.00698286937901499
467 0.0069829059829059825
468 0.006980810234541578
469 0.0069808510638297875
470 0.006983014861995754
471 0.006985169491525424
472 0.006985200845665961
473 0.006983122362869199
474 0.006983157894736842
475 0.006985294117647059
476 0.0069853249475890986
477 0.00698326359832636
478 0.00698329853862213
479 0.006983333333333333
480 0.0069854469854469855
481 0.006985477178423237
482 0.0069855072463768115
483 0.006985537190082644
484 0.006983505154639176
485 0.00698559670781893
486 0.006987679671457906
487 0.0069856557377049175
488 0.006989775051124744
489 0.006989795918367347
490 0.006987780040733198
491 0.006989837398373984
492 0.006989858012170386
493 0.006987854251012146
494 0.00698989898989899
495 0.0069899193548387095
496 0.006989939637826962
497 0.0069899598393574295
498 0.006989979959919839
499 0.006992
