0 0.007
1 0.008
2 0.008
3 0.0075
4 0.008
5 0.008166666666666668
6 0.007857142857142858
7 0.007875
8 0.007666666666666667
9 0.0075
10 0.007363636363636364
11 0.0072499999999999995
12 0.007153846153846154
13 0.007071428571428571
14 0.007
15 0.0069375
16 0.006882352941176471
17 0.006833333333333334
18 0.006789473684210527
19 0.006750000000000001
20 0.0067142857142857134
21 0.006681818181818181
22 0.0066956521739130435
23 0.0067083333333333335
24 0.00668
25 0.006653846153846153
26 0.006629629629629629
27 0.0066071428571428574
28 0.006586206896551724
29 0.006566666666666667
30 0.0066129032258064515
31 0.00659375
32 0.006606060606060606
33 0.006588235294117647
34 0.006571428571428572
35 0.006555555555555555
36 0.00654054054054054
37 0.006526315789473684
38 0.0065128205128205125
39 0.006500000000000001
40 0.006487804878048781
41 0.0064761904761904765
42 0.006465116279069768
43 0.006454545454545454
44 0.006444444444444444
45 0.006434782608695652
46 0.0064255319148936165
47 0.006416666666666667
48 0.006408163265306122
49 0.0064
50 0.006392156862745098
51 0.006384615384615385
52 0.006377358490566038
53 0.00637037037037037
54 0.006363636363636363
55 0.006357142857142857
56 0.006350877192982456
57 0.006362068965517241
58 0.006355932203389831
59 0.00635
60 0.006344262295081967
61 0.0063387096774193555
62 0.006333333333333334
63 0.006328125
64 0.006323076923076923
65 0.006318181818181818
66 0.006313432835820895
67 0.006308823529411764
68 0.006304347826086957
69 0.0063
70 0.006295774647887324
71 0.006291666666666667
72 0.006287671232876713
73 0.006283783783783784
74 0.00628
75 0.006276315789473684
76 0.006272727272727273
77 0.006269230769230769
78 0.0062658227848101265
79 0.0062625
80 0.0062592592592592596
81 0.00625609756097561
82 0.0062530120481927715
83 0.00625
84 0.006247058823529412
85 0.006244186046511628
86 0.006241379310344828
87 0.006238636363636364
88 0.006247191011235956
89 0.006255555555555555
90 0.0062637362637362635
91 0.006271739130434782
92 0.0062903225806451605
93 0.006319148936170213
94 0.006410526315789473
95 0.0064375
96 0.006484536082474227
97 0.0065
98 0.0065151515151515155
99 0.006520000000000001
100 0.006534653465346535
101 0.0065490196078431375
102 0.006563106796116505
103 0.006567307692307693
104 0.00658095238095238
105 0.006594339622641509
106 0.006607476635514018
107 0.00662037037037037
108 0.006633027522935779
109 0.0066454545454545455
110 0.0066576576576576575
111 0.0066696428571428575
112 0.006663716814159292
113 0.0066754385964912285
114 0.00668695652173913
115 0.006681034482758621
116 0.006692307692307693
117 0.006728813559322034
118 0.006899159663865546
119 0.006891666666666667
120 0.006884297520661157
121 0.006877049180327869
122 0.006878048780487805
123 0.006870967741935484
124 0.006872
125 0.006865079365079365
126 0.006858267716535433
127 0.0068515625
128 0.006852713178294573
129 0.006846153846153846
130 0.00683969465648855
131 0.006833333333333334
132 0.006827067669172932
133 0.00682089552238806
134 0.006814814814814815
135 0.006808823529411765
136 0.006802919708029197
137 0.0067971014492753615
138 0.00679136690647482
139 0.0067857142857142855
140 0.006780141843971631
141 0.0067746478873239434
142 0.006769230769230769
143 0.006763888888888889
144 0.006758620689655172
145 0.006753424657534247
146 0.006748299319727891
147 0.006763513513513513
148 0.006758389261744966
149 0.0067533333333333325
150 0.006754966887417219
151 0.00675
152 0.006745098039215687
153 0.006740259740259741
154 0.006735483870967742
155 0.006737179487179487
156 0.006732484076433121
157 0.006727848101265823
158 0.006723270440251572
159 0.00671875
160 0.006714285714285714
161 0.006709876543209876
162 0.006705521472392638
163 0.006701219512195122
164 0.006696969696969697
165 0.00669277108433735
166 0.006688622754491018
167 0.0066845238095238095
168 0.006680473372781065
169 0.006676470588235294
170 0.006672514619883041
171 0.006668604651162791
172 0.006664739884393063
173 0.006666666666666666
174 0.006662857142857142
175 0.006659090909090909
176 0.006655367231638417
177 0.006651685393258427
178 0.00664804469273743
179 0.006644444444444444
180 0.006640883977900552
181 0.0066373626373626374
182 0.0066338797814207645
183 0.006630434782608696
184 0.006627027027027027
185 0.0066236559139784944
186 0.006620320855614973
187 0.006617021276595744
188 0.006613756613756613
189 0.006610526315789474
190 0.006607329842931937
191 0.006604166666666667
192 0.006601036269430052
193 0.006597938144329897
194 0.006594871794871795
195 0.006591836734693878
196 0.006588832487309645
197 0.0065858585858585865
198 0.0065829145728643216
199 0.00658
200 0.006577114427860697
201 0.006574257425742575
202 0.006571428571428572
203 0.006568627450980392
204 0.0065658536585365855
205 0.006563106796116505
206 0.006560386473429952
207 0.006557692307692308
208 0.006555023923444977
209 0.006552380952380952
210 0.006549763033175355
211 0.006547169811320754
212 0.006544600938967136
213 0.006542056074766355
214 0.00653953488372093
215 0.0065370370370370365
216 0.006534562211981567
217 0.006532110091743119
218 0.006529680365296804
219 0.006527272727272727
220 0.006524886877828054
221 0.006522522522522522
222 0.0065201793721973095
223 0.006517857142857143
224 0.006515555555555556
225 0.006513274336283186
226 0.006511013215859031
227 0.006508771929824561
228 0.006506550218340611
229 0.006504347826086956
230 0.006502164502164502
231 0.0065
232 0.0064978540772532185
233 0.006495726495726496
234 0.006493617021276596
235 0.006491525423728814
236 0.006489451476793249
237 0.006487394957983193
238 0.0064853556485355655
239 0.006483333333333333
240 0.006481327800829876
241 0.006479338842975207
242 0.0064773662551440335
243 0.006475409836065574
244 0.006477551020408163
245 0.006475609756097561
246 0.0064736842105263155
247 0.006471774193548387
248 0.006473895582329318
249 0.006472
250 0.006470119521912351
251 0.006468253968253968
252 0.006466403162055335
253 0.006464566929133858
254 0.006462745098039215
255 0.0064609375
256 0.006459143968871595
257 0.006457364341085271
258 0.0064555984555984556
259 0.006453846153846154
260 0.006452107279693487
261 0.006450381679389313
262 0.0064486692015209126
263 0.006446969696969697
264 0.006445283018867924
265 0.006443609022556391
266 0.006441947565543071
267 0.006440298507462686
268 0.006438661710037175
269 0.006437037037037037
270 0.006435424354243543
271 0.006433823529411764
272 0.006435897435897436
273 0.006437956204379562
274 0.006436363636363637
275 0.006434782608695652
276 0.006433212996389891
277 0.006431654676258993
278 0.0064301075268817206
279 0.0064285714285714285
280 0.006427046263345196
281 0.006425531914893617
282 0.006424028268551237
283 0.006422535211267606
284 0.006421052631578948
285 0.00641958041958042
286 0.006418118466898955
287 0.006416666666666667
288 0.00641522491349481
289 0.006413793103448276
290 0.006412371134020619
291 0.00641095890410959
292 0.006409556313993174
293 0.006408163265306122
294 0.006406779661016949
295 0.006405405405405405
296 0.006404040404040404
297 0.0064026845637583886
298 0.00640133779264214
299 0.0063999999999999994
300 0.006398671096345515
301 0.006397350993377483
302 0.006396039603960396
303 0.006394736842105263
304 0.0063934426229508194
305 0.006395424836601308
306 0.00639413680781759
307 0.006392857142857143
308 0.0063915857605178
309 0.006390322580645162
310 0.006389067524115756
311 0.006387820512820513
312 0.006386581469648563
313 0.0063853503184713375
314 0.006384126984126984
315 0.006382911392405063
316 0.0063817034700315465
317 0.006380503144654087
318 0.006379310344827587
319 0.006378125
320 0.006376947040498443
321 0.006375776397515528
322 0.006374613003095976
323 0.006373456790123457
324 0.006372307692307693
325 0.006371165644171779
326 0.006370030581039756
327 0.00636890243902439
328 0.006367781155015198
329 0.006366666666666666
330 0.006365558912386707
331 0.006364457831325302
332 0.006363363363363364
333 0.006362275449101796
334 0.006361194029850746
335 0.006360119047619048
336 0.006359050445103857
337 0.006363905325443786
338 0.00636283185840708
339 0.006364705882352942
340 0.006363636363636364
341 0.006362573099415205
342 0.006361516034985423
343 0.006360465116279071
344 0.006359420289855072
345 0.006358381502890174
346 0.006357348703170029
347 0.00635632183908046
348 0.006355300859598853
349 0.006354285714285715
350 0.006353276353276353
351 0.006352272727272728
352 0.006351274787535411
353 0.0063502824858757065
354 0.006349295774647887
355 0.006348314606741573
356 0.006347338935574229
357 0.006346368715083798
358 0.006345403899721449
359 0.006344444444444444
360 0.006343490304709141
361 0.006342541436464088
362 0.006341597796143251
363 0.00634065934065934
364 0.00633972602739726
365 0.00633879781420765
366 0.006337874659400545
367 0.00633695652173913
368 0.006336043360433604
369 0.006335135135135134
370 0.006334231805929919
371 0.006333333333333333
372 0.006332439678284183
373 0.0063315508021390375
374 0.006330666666666667
375 0.006329787234042553
376 0.006328912466843501
377 0.0063280423280423275
378 0.006327176781002639
379 0.006326315789473684
380 0.006325459317585302
381 0.006324607329842932
382 0.006323759791122716
383 0.006322916666666667
384 0.006322077922077922
385 0.006321243523316062
386 0.006320413436692507
387 0.006319587628865979
388 0.006318766066838046
389 0.006317948717948718
390 0.006317135549872123
391 0.006316326530612245
392 0.006315521628498728
393 0.006314720812182741
394 0.006313924050632912
395 0.006313131313131313
396 0.006312342569269521
397 0.0063115577889447235
398 0.006310776942355889
399 0.00631
400 0.006311720698254365
401 0.006313432835820895
402 0.006312655086848635
403 0.006314356435643565
404 0.00631358024691358
405 0.006312807881773399
406 0.006312039312039312
407 0.006311274509803922
408 0.006310513447432763
409 0.006309756097560976
410 0.006309002433090024
411 0.006308252427184467
412 0.006307506053268765
413 0.006306763285024155
414 0.006306024096385542
415 0.006305288461538462
416 0.006304556354916067
417 0.006303827751196172
418 0.006303102625298329
419 0.006302380952380952
420 0.00630166270783848
421 0.006300947867298578
422 0.006300236406619386
423 0.006299528301886792
424 0.006298823529411765
425 0.006298122065727699
426 0.006297423887587822
427 0.006296728971962617
428 0.006296037296037296
429 0.006295348837209302
430 0.006294663573085847
431 0.006293981481481481
432 0.006293302540415705
433 0.006292626728110599
434 0.006291954022988506
435 0.006291284403669725
436 0.006290617848970252
437 0.006289954337899543
438 0.006289293849658315
439 0.0062886363636363634
440 0.0062879818594104315
441 0.006287330316742081
442 0.006286681715575621
443 0.006286036036036036
444 0.006285393258426967
445 0.006284753363228699
446 0.0062841163310961975
447 0.006283482142857143
448 0.006282850779510023
449 0.006282222222222222
450 0.00628159645232816
451 0.006280973451327433
452 0.006280353200883003
453 0.006279735682819383
454 0.006279120879120879
455 0.006278508771929824
456 0.006277899343544858
457 0.006277292576419214
458 0.0062766884531590406
459 0.00627608695652174
460 0.006275488069414316
461 0.006274891774891775
462 0.0062742980561555075
463 0.006275862068965517
464 0.006275268817204301
465 0.0062746781115879825
466 0.006274089935760172
467 0.006273504273504273
468 0.006272921108742005
469 0.006272340425531915
470 0.006271762208067941
471 0.006271186440677966
472 0.00627061310782241
473 0.006270042194092827
474 0.006269473684210527
475 0.00626890756302521
476 0.006268343815513627
477 0.0062677824267782425
478 0.0062672233820459285
479 0.006266666666666667
480 0.006266112266112266
481 0.006265560165975104
482 0.006265010351966874
483 0.0062644628099173556
484 0.006263917525773196
485 0.006263374485596708
486 0.006262833675564681
487 0.006262295081967214
488 0.0062617586912065435
489 0.006261224489795918
490 0.006260692464358452
491 0.006260162601626016
492 0.006259634888438134
493 0.006259109311740891
494 0.006258585858585858
495 0.0062580645161290326
496 0.006257545271629778
497 0.006257028112449799
498 0.006256513026052104
499 0.006256
