0 0.053
1 0.055
2 0.05366666666666667
3 0.053
4 0.0526
5 0.052333333333333336
6 0.05242857142857143
7 0.052375
8 0.05211111111111111
9 0.0521
10 0.051909090909090905
11 0.05175
12 0.05161538461538462
13 0.05164285714285714
14 0.051533333333333334
15 0.0515
16 0.05141176470588235
17 0.051388888888888894
18 0.05131578947368421
19 0.05125
20 0.05119047619047619
21 0.051181818181818176
22 0.051173913043478264
23 0.051125000000000004
24 0.05112
25 0.05107692307692308
26 0.051037037037037034
27 0.05103571428571429
28 0.05106896551724138
29 0.05103333333333333
30 0.05103225806451613
31 0.05109375
32 0.05106060606060606
33 0.051029411764705886
34 0.051
35 0.051000000000000004
36 0.05097297297297297
37 0.05094736842105263
38 0.050923076923076925
39 0.0509
40 0.05090243902439025
41 0.050904761904761904
42 0.050930232558139533
43 0.05090909090909091
44 0.05091111111111111
45 0.05089130434782609
46 0.050893617021276594
47 0.050916666666666666
48 0.050918367346938775
49 0.0509
50 0.051
51 0.051000000000000004
52 0.051018867924528304
53 0.05101851851851852
54 0.051000000000000004
55 0.051
56 0.051000000000000004
57 0.051000000000000004
58 0.05098305084745763
59 0.051000000000000004
60 0.05098360655737705
61 0.050967741935483875
62 0.05096825396825397
63 0.05096875
64 0.050984615384615385
65 0.05098484848484849
66 0.05098507462686567
67 0.05097058823529412
68 0.050971014492753625
69 0.05095714285714286
70 0.05095774647887324
71 0.050972222222222224
72 0.050958904109589045
73 0.05097297297297297
74 0.05096
75 0.05094736842105263
76 0.05094805194805195
77 0.05093589743589744
78 0.05092405063291139
79 0.050912500000000006
80 0.05091358024691357
81 0.05090243902439025
82 0.05091566265060241
83 0.05092857142857142
84 0.050929411764705876
85 0.05091860465116278
86 0.0509080459770115
87 0.05090909090909091
88 0.050898876404494385
89 0.05090000000000001
90 0.05089010989010989
91 0.050880434782608695
92 0.05087096774193548
93 0.05086170212765957
94 0.05087368421052632
95 0.050875000000000004
96 0.05088659793814433
97 0.05088775510204082
98 0.05087878787878788
99 0.05087
100 0.05086138613861386
101 0.05086274509803921
102 0.05086407766990291
103 0.050855769230769225
104 0.05085714285714286
105 0.05085849056603774
106 0.05085046728971963
107 0.05084259259259259
108 0.050844036697247706
109 0.05083636363636363
110 0.05083783783783784
111 0.05084821428571429
112 0.050849557522123896
113 0.05085964912280702
114 0.05086086956521739
115 0.05087068965517241
116 0.05087179487179487
117 0.0508728813559322
118 0.05086554621848739
119 0.050866666666666664
120 0.050859504132231406
121 0.050860655737704916
122 0.05086178861788618
123 0.05086290322580646
124 0.050864
125 0.050873015873015875
126 0.0508740157480315
127 0.050875
128 0.05087596899224806
129 0.05086923076923077
130 0.05086259541984733
131 0.050856060606060606
132 0.050849624060150374
133 0.05084328358208955
134 0.05083703703703704
135 0.05083823529411764
136 0.05083941605839416
137 0.05083333333333333
138 0.05083453237410072
139 0.050828571428571424
140 0.05082978723404255
141 0.05082394366197183
142 0.05081818181818182
143 0.050819444444444445
144 0.05081379310344828
145 0.050815068493150685
146 0.05082312925170068
147 0.05083108108108108
148 0.050838926174496646
149 0.05084
150 0.050841059602649
151 0.05084210526315789
152 0.05084313725490196
153 0.050844155844155844
154 0.05083870967741935
155 0.05083974358974359
156 0.05084713375796178
157 0.05084810126582279
158 0.05084905660377359
159 0.05084999999999999
160 0.05085714285714286
161 0.05085802469135803
162 0.05085889570552147
163 0.05085365853658536
164 0.05086060606060606
165 0.05086144578313253
166 0.0508562874251497
167 0.050863095238095235
168 0.050857988165680476
169 0.05085294117647059
170 0.050853801169590644
171 0.050848837209302326
172 0.05084393063583815
173 0.05083908045977011
174 0.05083428571428572
175 0.05083522727272727
176 0.05083615819209039
177 0.05084269662921349
178 0.05083798882681564
179 0.050838888888888885
180 0.05083425414364641
181 0.050829670329670326
182 0.05082513661202186
183 0.05082608695652174
184 0.05082702702702703
185 0.05082795698924732
186 0.0508288770053476
187 0.050824468085106385
188 0.05082539682539682
189 0.05082105263157895
190 0.05081675392670157
191 0.050812500000000003
192 0.050813471502590676
193 0.050814432989690725
194 0.050815384615384616
195 0.050811224489795914
196 0.05081218274111675
197 0.05080808080808081
198 0.05080904522613066
199 0.050804999999999996
200 0.05080597014925373
201 0.050806930693069303
202 0.05080788177339902
203 0.05080392156862745
204 0.05080975609756098
205 0.05081553398058252
206 0.050811594202898554
207 0.050807692307692304
208 0.050808612440191386
209 0.050814285714285715
210 0.05081042654028436
211 0.05081132075471698
212 0.050812206572769955
213 0.050813084112149534
214 0.050818604651162794
215 0.050819444444444445
216 0.05081566820276497
217 0.050811926605504584
218 0.050808219178082197
219 0.050813636363636366
220 0.05081447963800905
221 0.050815315315315315
222 0.05081614349775785
223 0.05082142857142857
224 0.050817777777777774
225 0.050823008849557524
226 0.05081938325991189
227 0.050824561403508765
228 0.05082096069868996
229 0.050821739130434786
230 0.050822510822510825
231 0.050823275862068966
232 0.05082403433476395
233 0.050820512820512816
234 0.05081702127659574
235 0.05081779661016949
236 0.05081434599156118
237 0.0508109243697479
238 0.05080753138075314
239 0.05080833333333334
240 0.050813278008298754
241 0.05081404958677686
242 0.050810699588477365
243 0.05080737704918033
244 0.05080816326530612
245 0.050804878048780484
246 0.05080566801619433
247 0.05080241935483871
248 0.050799196787148594
249 0.050804
250 0.050804780876494024
251 0.05080555555555556
252 0.0508102766798419
253 0.050811023622047244
254 0.050811764705882355
255 0.0508125
256 0.05081322957198443
257 0.05081007751937985
258 0.050814671814671815
259 0.050815384615384616
260 0.050816091954022986
261 0.05081679389312977
262 0.050817490494296576
263 0.0508219696969697
264 0.050818867924528305
265 0.05081954887218045
266 0.050816479400749064
267 0.050820895522388054
268 0.050817843866171004
269 0.05081481481481482
270 0.05081180811808118
271 0.05080882352941177
272 0.0508058608058608
273 0.05080656934306569
274 0.05080363636363636
275 0.050807971014492755
276 0.0508086642599278
277 0.05080575539568345
278 0.05080645161290323
279 0.050810714285714285
280 0.05080782918149466
281 0.05081205673758866
282 0.05081625441696113
283 0.05082042253521127
284 0.05081754385964912
285 0.05081818181818182
286 0.05081533101045296
287 0.050819444444444445
288 0.050820069204152246
289 0.05082068965517241
290 0.050817869415807564
291 0.050818493150684936
292 0.05081911262798635
293 0.05081972789115646
294 0.05082372881355932
295 0.050820945945945946
296 0.05081818181818182
297 0.05081879194630873
298 0.05081605351170569
299 0.050813333333333335
300 0.050813953488372095
301 0.05081456953642384
302 0.050815181518151814
303 0.05081578947368421
304 0.05081311475409836
305 0.050813725490196075
306 0.050811074918566776
307 0.050811688311688315
308 0.05080906148867314
309 0.050812903225806456
310 0.05081028938906752
311 0.05080769230769231
312 0.05080830670926518
313 0.05080891719745223
314 0.050809523809523804
315 0.050806962025316454
316 0.050807570977917986
317 0.050805031446540874
318 0.05080564263322884
319 0.050803125000000005
320 0.05080373831775701
321 0.05080124223602485
322 0.05080185758513932
323 0.05080864197530864
324 0.05080615384615385
325 0.05080981595092025
326 0.050807339449541286
327 0.0508109756097561
328 0.0508145896656535
329 0.05081212121212121
330 0.050812688821752265
331 0.0508132530120482
332 0.050813813813813814
333 0.05081437125748504
334 0.0508179104477612
335 0.05081845238095238
336 0.05081899109792285
337 0.05081656804733727
338 0.05082005899705015
339 0.05082352941176471
340 0.05082404692082111
341 0.05082456140350878
342 0.050825072886297375
343 0.050825581395348846
344 0.050826086956521736
345 0.05082947976878613
346 0.05082708933717579
347 0.05082758620689655
348 0.050825214899713464
349 0.050828571428571424
350 0.05082905982905983
351 0.050829545454545454
352 0.0508300283286119
353 0.05083050847457627
354 0.050833802816901405
355 0.05083707865168539
356 0.050837535014005605
357 0.05083519553072626
358 0.050838440111420614
359 0.050838888888888885
360 0.05083933518005541
361 0.05083977900552486
362 0.05084022038567493
363 0.050840659340659344
364 0.050841095890410956
365 0.050844262295081974
366 0.05084196185286103
367 0.050842391304347825
368 0.05084281842818428
369 0.05084324324324325
370 0.05084097035040431
371 0.05084408602150538
372 0.050841823056300264
373 0.050839572192513366
374 0.05083733333333333
375 0.0508377659574468
376 0.05083554376657825
377 0.05083597883597884
378 0.05083377308707124
379 0.05083421052631579
380 0.050832020997375334
381 0.05082984293193718
382 0.05083028720626632
383 0.050828125
384 0.050828571428571424
385 0.05083160621761658
386 0.050834625322997415
387 0.05083247422680412
388 0.05083033419023136
389 0.050833333333333335
390 0.050831202046035806
391 0.05083163265306122
392 0.0508295165394402
393 0.05082741116751269
394 0.050827848101265824
395 0.05082828282828283
396 0.05082619647355164
397 0.050829145728643214
398 0.050832080200501256
399 0.050835
400 0.05083790523690773
401 0.050838308457711444
402 0.05083870967741935
403 0.05083910891089109
404 0.050839506172839506
405 0.0508423645320197
406 0.050842751842751846
407 0.05084558823529412
408 0.05084596577017115
409 0.050846341463414636
410 0.05084671532846715
411 0.05084466019417476
412 0.05084503631961259
413 0.050842995169082125
414 0.05084578313253012
415 0.050846153846153846
416 0.050844124700239815
417 0.050844497607655505
418 0.0508472553699284
419 0.050845238095238096
420 0.050843230403800475
421 0.050845971563981046
422 0.05085106382978724
423 0.05086556603773585
424 0.050868235294117645
425 0.05087089201877934
426 0.050873536299765806
427 0.050876168224299065
428 0.050878787878787884
429 0.05088139534883721
430 0.05088399071925754
431 0.05088657407407408
432 0.050889145496535795
433 0.050891705069124424
434 0.05089195402298851
435 0.05089449541284404
436 0.05089244851258581
437 0.05089269406392694
438 0.05089521640091116
439 0.05089318181818182
440 0.05089342403628118
441 0.05089366515837104
442 0.05089390519187359
443 0.05089639639639639
444 0.05089662921348315
445 0.05089686098654708
446 0.05089485458612975
447 0.05089732142857143
448 0.050897550111358575
449 0.05089777777777778
450 0.05089578713968958
451 0.050893805309734516
452 0.05089183222958057
453 0.0508920704845815
454 0.05089010989010989
455 0.05089035087719298
456 0.05089059080962801
457 0.050890829694323146
458 0.050893246187363836
459 0.05089565217391304
460 0.05089804772234273
461 0.0508982683982684
462 0.050898488120950325
463 0.050898706896551724
464 0.05089892473118279
465 0.05089699570815451
466 0.05089721627408993
467 0.050895299145299146
468 0.05089765458422175
469 0.05089787234042553
470 0.050895966029723995
471 0.05089406779661017
472 0.05089429175475687
473 0.050892405063291145
474 0.05089263157894737
475 0.05089285714285714
476 0.05089098532494759
477 0.05089121338912134
478 0.05088935281837161
479 0.050889583333333335
480 0.05089189189189189
481 0.050890041493775934
482 0.05088819875776398
483 0.05088842975206612
484 0.050888659793814434
485 0.050888888888888886
486 0.05088911704312115
487 0.050889344262295085
488 0.050887525562372186
489 0.05088979591836735
490 0.05089002036659877
491 0.05088821138211382
492 0.05088843813387424
493 0.05088866396761133
494 0.05088888888888889
495 0.05088911290322581
496 0.05088933601609658
497 0.05088755020080321
498 0.05088577154308617
499 0.050884
