0 0.041
1 0.044
2 0.042666666666666665
3 0.042
4 0.0414
5 0.041166666666666664
6 0.040999999999999995
7 0.040875
8 0.040777777777777774
9 0.0407
10 0.04063636363636364
11 0.04058333333333333
12 0.04053846153846154
13 0.040499999999999994
14 0.040466666666666665
15 0.0404375
16 0.040411764705882355
17 0.04038888888888889
18 0.04036842105263158
19 0.040350000000000004
20 0.040285714285714286
21 0.04027272727272727
22 0.04026086956521739
23 0.04025
24 0.04024
25 0.04023076923076923
26 0.04022222222222222
27 0.04021428571428571
28 0.04020689655172414
29 0.0402
30 0.040193548387096774
31 0.0401875
32 0.04018181818181819
33 0.04014705882352941
34 0.04014285714285715
35 0.04013888888888889
36 0.040135135135135135
37 0.04013157894736842
38 0.04012820512820513
39 0.040125
40 0.040121951219512196
41 0.040119047619047624
42 0.040116279069767447
43 0.04011363636363636
44 0.04011111111111111
45 0.04010869565217391
46 0.040106382978723404
47 0.04010416666666667
48 0.04010204081632653
49 0.0401
50 0.040098039215686276
51 0.04007692307692308
52 0.04007547169811321
53 0.040074074074074074
54 0.040072727272727274
55 0.04007142857142858
56 0.040070175438596485
57 0.04006896551724138
58 0.04006779661016949
59 0.04006666666666667
60 0.040049180327868854
61 0.0400483870967742
62 0.04004761904761905
63 0.04003125
64 0.04003076923076923
65 0.040045454545454544
66 0.040044776119402985
67 0.04004411764705882
68 0.04004347826086956
69 0.040042857142857144
70 0.04004225352112676
71 0.04004166666666667
72 0.04004109589041096
73 0.04004054054054054
74 0.04004
75 0.04003947368421053
76 0.04003896103896104
77 0.040038461538461544
78 0.0400379746835443
79 0.0400375
80 0.04003703703703704
81 0.04003658536585366
82 0.040036144578313254
83 0.040035714285714286
84 0.04003529411764706
85 0.04003488372093023
86 0.04003448275862069
87 0.04003409090909091
88 0.04003370786516854
89 0.04003333333333334
90 0.04003296703296703
91 0.04004347826086957
92 0.04004301075268817
93 0.04004255319148936
94 0.04004210526315789
95 0.04004166666666666
96 0.04004123711340206
97 0.040040816326530615
98 0.04004040404040404
99 0.04003999999999999
100 0.040039603960396034
101 0.040039215686274506
102 0.040038834951456305
103 0.04003846153846154
104 0.04004761904761905
105 0.040047169811320754
106 0.04004672897196262
107 0.040046296296296295
108 0.04003669724770642
109 0.040036363636363634
110 0.04003603603603603
111 0.040035714285714286
112 0.0400353982300885
113 0.04003508771929824
114 0.040034782608695654
115 0.040025862068965516
116 0.040025641025641025
117 0.040025423728813556
118 0.04002521008403361
119 0.040016666666666666
120 0.04001652892561983
121 0.04001639344262295
122 0.04004878048780488
123 0.0400483870967742
124 0.040048
125 0.04004761904761905
126 0.04004724409448819
127 0.040046875
128 0.04003875968992248
129 0.04003846153846154
130 0.0400381679389313
131 0.04003030303030303
132 0.040022556390977446
133 0.04002238805970149
134 0.040022222222222216
135 0.04002205882352941
136 0.040021897810218976
137 0.04002173913043478
138 0.04002158273381295
139 0.04002857142857143
140 0.040028368794326245
141 0.04002816901408451
142 0.04002797202797203
143 0.04002777777777778
144 0.04002758620689655
145 0.040027397260273975
146 0.040027210884353744
147 0.04002027027027027
148 0.04002013422818792
149 0.04002
150 0.040013245033112585
151 0.04001315789473684
152 0.04000653594771242
153 0.040006493506493504
154 0.04000645161290323
155 0.04000641025641025
156 0.04000636942675159
157 0.04000632911392405
158 0.040006289308176096
159 0.04000625
160 0.04000621118012422
161 0.04000617283950617
162 0.040006134969325154
163 0.04000609756097561
164 0.04000606060606061
165 0.04000602409638554
166 0.040005988023952097
167 0.04000595238095238
168 0.040005917159763316
169 0.040005882352941176
170 0.04000584795321638
171 0.04000581395348837
172 0.04000578034682081
173 0.040005747126436786
174 0.04000571428571429
175 0.04000568181818182
176 0.04000564971751413
177 0.04000561797752809
178 0.04000558659217877
179 0.04000555555555555
180 0.04000552486187845
181 0.0400054945054945
182 0.04000546448087432
183 0.04000543478260869
184 0.040005405405405405
185 0.04000537634408602
186 0.04000534759358289
187 0.040005319148936166
188 0.040005291005291
189 0.04000526315789474
190 0.04000523560209424
191 0.040005208333333334
192 0.04001036269430052
193 0.04001030927835051
194 0.04000512820512821
195 0.04000510204081633
196 0.04
197 0.04
198 0.04
199 0.04
200 0.039999999999999994
201 0.04
202 0.039999999999999994
203 0.04
204 0.039999999999999994
205 0.04
206 0.039999999999999994
207 0.039995192307692315
208 0.039995215311004785
209 0.03999523809523809
210 0.03999526066350711
211 0.03999528301886792
212 0.03999530516431925
213 0.039995327102803735
214 0.0399953488372093
215 0.03999537037037037
216 0.039995391705069126
217 0.039995412844036696
218 0.03999543378995434
219 0.03999545454545454
220 0.039995475113122174
221 0.03999549549549549
222 0.039991031390134525
223 0.03999107142857143
224 0.03999111111111111
225 0.03999115044247788
226 0.03999118942731277
227 0.03999122807017544
228 0.03999126637554585
229 0.039991304347826086
230 0.03999134199134199
231 0.03999137931034483
232 0.03999141630901287
233 0.03999145299145299
234 0.039991489361702125
235 0.039991525423728816
236 0.0399915611814346
237 0.039991596638655466
238 0.03999163179916318
239 0.03999166666666667
240 0.03999170124481328
241 0.039991735537190085
242 0.039991769547325105
243 0.03999180327868852
244 0.03999183673469388
245 0.039991869918699186
246 0.039991902834008095
247 0.03999193548387096
248 0.03999196787148594
249 0.039992
250 0.039992031872509964
251 0.03999206349206349
252 0.03999209486166008
253 0.03999212598425197
254 0.0399921568627451
255 0.0399921875
256 0.039992217898832685
257 0.039992248062015505
258 0.039992277992277996
259 0.03999230769230769
260 0.03999233716475096
261 0.03999236641221374
262 0.03999239543726236
263 0.03999242424242424
264 0.03999245283018868
265 0.03999248120300752
266 0.03999250936329588
267 0.03999253731343284
268 0.039992565055762076
269 0.039992592592592593
270 0.039992619926199256
271 0.03999264705882353
272 0.03999267399267399
273 0.03999270072992701
274 0.03999272727272727
275 0.03999275362318841
276 0.0399927797833935
277 0.03999280575539568
278 0.03999283154121864
279 0.03999285714285714
280 0.03999288256227758
281 0.03999290780141844
282 0.039992932862190814
283 0.039992957746478874
284 0.03999298245614035
285 0.039993006993006994
286 0.03999303135888502
287 0.03999305555555556
288 0.03999307958477508
289 0.03999310344827586
290 0.03999312714776632
291 0.03999315068493151
292 0.03999317406143345
293 0.03999319727891156
294 0.03999322033898305
295 0.03999324324324324
296 0.03999326599326599
297 0.040016778523489935
298 0.04002675585284281
299 0.04003
300 0.040029900332225914
301 0.04002980132450331
302 0.04002970297029703
303 0.040029605263157894
304 0.04002950819672131
305 0.04002941176470588
306 0.040029315960912054
307 0.04002922077922078
308 0.04002912621359223
309 0.04002903225806452
310 0.04002893890675241
311 0.04002884615384616
312 0.04002875399361022
313 0.040028662420382166
314 0.04002857142857143
315 0.040028481012658226
316 0.04002839116719243
317 0.04002830188679245
318 0.0400282131661442
319 0.040028125
320 0.04002803738317757
321 0.040027950310559
322 0.040027863777089785
323 0.040024691358024694
324 0.04002461538461538
325 0.04002453987730061
326 0.04002446483180428
327 0.04002439024390244
328 0.04002431610942249
329 0.04002424242424243
330 0.040024169184290026
331 0.04002409638554217
332 0.040024024024024024
333 0.040023952095808384
334 0.04002388059701492
335 0.040023809523809524
336 0.04002373887240356
337 0.04002366863905325
338 0.04002359882005899
339 0.04002352941176471
340 0.04002346041055718
341 0.040023391812865496
342 0.040023323615160346
343 0.0400203488372093
344 0.040020289855072465
345 0.04002023121387283
346 0.04002017291066282
347 0.04002011494252873
348 0.04002005730659026
349 0.04002
350 0.04001709401709402
351 0.04001136363636364
352 0.040011331444759206
353 0.04001129943502825
354 0.0400112676056338
355 0.04001123595505618
356 0.04001120448179272
357 0.04001117318435754
358 0.04001114206128134
359 0.04001111111111111
360 0.04001108033240997
361 0.04001104972375691
362 0.04000826446280992
363 0.0400054945054945
364 0.04000547945205479
365 0.04000546448087432
366 0.040005449591280655
367 0.04000543478260869
368 0.04000271002710027
369 0.0400027027027027
370 0.04000269541778976
371 0.04000268817204301
372 0.040002680965147454
373 0.04000267379679145
374 0.04
375 0.04
376 0.0399973474801061
377 0.03999470899470899
378 0.03999208443271768
379 0.03999210526315789
380 0.03999212598425197
381 0.03999214659685864
382 0.03999216710182767
383 0.039989583333333335
384 0.039989610389610394
385 0.03998963730569948
386 0.03998966408268734
387 0.039989690721649485
388 0.039989717223650384
389 0.03998974358974359
390 0.03998976982097187
391 0.03998979591836735
392 0.03998982188295165
393 0.03998984771573604
394 0.0399873417721519
395 0.039984848484848484
396 0.039984886649874055
397 0.03998241206030151
398 0.039982456140350876
399 0.039982500000000004
400 0.03998254364089776
401 0.03998258706467662
402 0.03998263027295285
403 0.03998267326732673
404 0.03998271604938272
405 0.03998029556650246
406 0.039980343980343974
407 0.03998039215686275
408 0.03998044009779951
409 0.03998048780487805
410 0.03998053527980535
411 0.039978155339805824
412 0.039978208232445515
413 0.03997826086956521
414 0.03998072289156626
415 0.039980769230769236
416 0.039980815347721826
417 0.03998086124401914
418 0.039980906921241045
419 0.03998095238095239
420 0.03998099762470309
421 0.03998104265402844
422 0.039978723404255324
423 0.03997877358490566
424 0.03997882352941176
425 0.039978873239436614
426 0.03997892271662764
427 0.03997897196261682
428 0.03997902097902098
429 0.03997674418604651
430 0.03997679814385151
431 0.039976851851851854
432 0.03997690531177829
433 0.03997926267281106
434 0.03997931034482758
435 0.03997935779816514
436 0.03997940503432494
437 0.03997945205479452
438 0.03997949886104783
439 0.039979545454545455
440 0.0399795918367347
441 0.03997963800904977
442 0.03997968397291196
443 0.039979729729729734
444 0.039979775280898876
445 0.03997982062780269
446 0.039979865771812076
447 0.039979910714285714
448 0.039979955456570154
449 0.03998
450 0.039980044345898004
451 0.039980088495575224
452 0.03998013245033113
453 0.03998017621145374
454 0.039980219780219775
455 0.0399780701754386
456 0.0399781181619256
457 0.03997816593886463
458 0.039978213507625274
459 0.03997826086956522
460 0.03997830802603037
461 0.039978354978354974
462 0.039978401727861775
463 0.03997844827586207
464 0.039978494623655915
465 0.039978540772532184
466 0.03997858672376874
467 0.039982905982905985
468 0.03998507462686567
469 0.039985106382978725
470 0.03998513800424628
471 0.039983050847457624
472 0.03999154334038055
473 0.0399915611814346
474 0.03999157894736842
475 0.04
476 0.0400020964360587
477 0.0400020920502092
478 0.04000208768267224
479 0.040016666666666666
480 0.04001871101871102
481 0.0400207468879668
482 0.04002070393374741
483 0.040020661157024795
484 0.04002061855670103
485 0.04002057613168724
486 0.040020533880903486
487 0.04002049180327869
488 0.04002044989775051
489 0.040020408163265304
490 0.040020366598778
491 0.040020325203252036
492 0.04002028397565923
493 0.040020242914979756
494 0.04002020202020202
495 0.040020161290322584
496 0.040020120724346075
497 0.04002008032128514
498 0.040020040080160316
499 0.04002
