0 0.081
1 0.161
2 0.24
3 0.319
4 0.398
5 0.47800000000000004
6 0.558
7 0.638
8 0.717
9 0.7969999999999999
10 0.8769999999999999
11 0.9569999999999999
12 1.037
13 1.117
14 1.198
15 1.278
16 1.358
17 1.4380000000000002
18 1.5180000000000002
19 1.5980000000000003
20 1.6780000000000004
21 1.7580000000000005
22 1.8390000000000004
23 1.9190000000000005
24 1.9990000000000006
25 2.0790000000000006
26 2.1590000000000007
27 2.2390000000000008
28 2.319000000000001
29 2.399000000000001
30 2.479000000000001
31 2.559000000000001
32 2.639000000000001
33 2.719000000000001
34 2.7990000000000013
35 2.8790000000000013
36 2.9580000000000015
37 3.0390000000000015
38 3.1190000000000015
39 3.1990000000000016
40 3.2800000000000016
41 3.3600000000000017
42 3.4400000000000017
43 3.520000000000002
44 3.600000000000002
45 3.680000000000002
46 3.760000000000002
47 3.840000000000002
48 3.920000000000002
49 4.000000000000002
50 4.080000000000002
51 4.160000000000002
52 4.240000000000002
53 4.325000000000002
54 4.406000000000002
55 4.486000000000002
56 4.5660000000000025
57 4.645000000000002
58 4.725000000000002
59 4.806000000000003
60 4.886000000000003
61 4.966000000000003
62 5.046000000000003
63 5.126000000000003
64 5.206000000000003
65 5.286000000000003
66 5.366000000000003
67 5.446000000000003
68 5.528000000000003
69 5.607000000000003
70 5.688000000000003
71 5.768000000000003
72 5.848000000000003
73 5.929000000000004
74 6.009000000000004
75 6.089000000000004
76 6.169000000000004
77 6.249000000000004
78 6.329000000000004
79 6.409000000000004
80 6.489000000000004
81 6.568000000000004
82 6.648000000000004
83 6.728000000000004
84 6.808000000000004
85 6.888000000000004
86 6.968000000000004
87 7.0480000000000045
88 7.127000000000004
89 7.207000000000004
90 7.287000000000004
91 7.367000000000004
92 7.4470000000000045
93 7.527000000000005
94 7.608000000000005
95 7.688000000000005
96 7.767000000000005
97 7.8460000000000045
98 7.925000000000004
99 8.005000000000004
100 8.085000000000004
101 8.164000000000005
102 8.243000000000006
103 8.323000000000006
104 8.402000000000006
105 8.482000000000006
106 8.562000000000006
107 8.641000000000007
108 8.720000000000008
109 8.800000000000008
110 8.880000000000008
111 8.959000000000009
112 9.039000000000009
113 9.119000000000009
114 9.199000000000009
115 9.279000000000009
116 9.359000000000009
117 9.440000000000008
118 9.520000000000008
119 9.600000000000009
120 9.680000000000009
121 9.760000000000009
122 9.840000000000009
123 9.920000000000009
124 10.000000000000009
125 10.080000000000009
126 10.160000000000009
127 10.240000000000009
128 10.31900000000001
129 10.39800000000001
130 10.47800000000001
131 10.55800000000001
132 10.637000000000011
133 10.717000000000011
134 10.797000000000011
135 10.876000000000012
136 10.956000000000012
137 11.036000000000012
138 11.116000000000012
139 11.195000000000013
140 11.275000000000013
141 11.354000000000013
142 11.434000000000013
143 11.514000000000014
144 11.594000000000014
145 11.674000000000014
146 11.754000000000014
147 11.834000000000014
148 11.913000000000014
149 11.993000000000015
150 12.072000000000015
151 12.152000000000015
152 12.232000000000015
153 12.311000000000016
154 12.391000000000016
155 12.471000000000016
156 12.551000000000016
157 12.630000000000017
158 12.710000000000017
159 12.790000000000017
160 12.870000000000017
161 12.950000000000017
162 13.030000000000017
163 13.110000000000017
164 13.190000000000017
165 13.270000000000017
166 13.349000000000018
167 13.429000000000018
168 13.508000000000019
169 13.588000000000019
170 13.66700000000002
171 13.74700000000002
172 13.82700000000002
173 13.90700000000002
174 13.98700000000002
175 14.06600000000002
176 14.14600000000002
177 14.22600000000002
178 14.30600000000002
179 14.38600000000002
180 14.46700000000002
181 14.54700000000002
182 14.62700000000002
183 14.70700000000002
184 14.78700000000002
185 14.866000000000021
186 14.946000000000021
187 15.026000000000021
188 15.106000000000021
189 15.186000000000021
190 15.265000000000022
191 15.345000000000022
192 15.425000000000022
193 15.505000000000022
194 15.585000000000022
195 15.665000000000022
196 15.745000000000022
197 15.824000000000023
198 15.904000000000023
199 15.984000000000023
200 16.06400000000002
201 16.14400000000002
202 16.224000000000018
203 16.304000000000016
204 16.384000000000015
205 16.464000000000013
206 16.543000000000013
207 16.622000000000014
208 16.702000000000012
209 16.781000000000013
210 16.86100000000001
211 16.94100000000001
212 17.021000000000008
213 17.10000000000001
214 17.180000000000007
215 17.260000000000005
216 17.339000000000006
217 17.419000000000004
218 17.499000000000002
219 17.579
220 17.659
221 17.738
222 17.817999999999998
223 17.897
224 17.976
225 18.055999999999997
226 18.136999999999997
227 18.216999999999995
228 18.296999999999993
229 18.376999999999992
230 18.455999999999992
231 18.53599999999999
232 18.61499999999999
233 18.693999999999992
234 18.772999999999993
235 18.851999999999993
236 18.93199999999999
237 19.01199999999999
238 19.09099999999999
239 19.17099999999999
240 19.250999999999987
241 19.330999999999985
242 19.410999999999984
243 19.490999999999982
244 19.57199999999998
245 19.65199999999998
246 19.73099999999998
247 19.81099999999998
248 19.890999999999977
249 19.970999999999975
250 20.050999999999974
251 20.130999999999972
252 20.209999999999972
253 20.28999999999997
254 20.36999999999997
255 20.449999999999967
256 20.529999999999966
257 20.609999999999964
258 20.688999999999965
259 20.768999999999963
260 20.84899999999996
261 20.92899999999996
262 21.008999999999958
263 21.088999999999956
264 21.168999999999954
265 21.248999999999953
266 21.32899999999995
267 21.40899999999995
268 21.488999999999947
269 21.568999999999946
270 21.648999999999944
271 21.730999999999945
272 21.810999999999943
273 21.89099999999994
274 21.97099999999994
275 22.050999999999938
276 22.130999999999936
277 22.209999999999937
278 22.289999999999935
279 22.369999999999933
280 22.449999999999932
281 22.52999999999993
282 22.60999999999993
283 22.689999999999927
284 22.769999999999925
285 22.849999999999923
286 22.92999999999992
287 23.008999999999922
288 23.08899999999992
289 23.16799999999992
290 23.24799999999992
291 23.32699999999992
292 23.40599999999992
293 23.48699999999992
294 23.56599999999992
295 23.64599999999992
296 23.725999999999917
297 23.805999999999916
298 23.885999999999914
299 23.965999999999912
300 24.04599999999991
301 24.12599999999991
302 24.205999999999907
303 24.285999999999905
304 24.365999999999904
305 24.445999999999902
306 24.5259999999999
307 24.6059999999999
308 24.686999999999898
309 24.766999999999896
310 24.846999999999895
311 24.926999999999893
312 25.00699999999989
313 25.085999999999892
314 25.16599999999989
315 25.24499999999989
316 25.32499999999989
317 25.404999999999887
318 25.484999999999886
319 25.564999999999884
320 25.643999999999885
321 25.723999999999883
322 25.80399999999988
323 25.88399999999988
324 25.963999999999878
325 26.04299999999988
326 26.122999999999877
327 26.202999999999875
328 26.282999999999873
329 26.361999999999874
330 26.441999999999872
331 26.52199999999987
332 26.60199999999987
333 26.681999999999867
334 26.761999999999865
335 26.842999999999865
336 26.922999999999863
337 27.00299999999986
338 27.08299999999986
339 27.162999999999858
340 27.242999999999856
341 27.322999999999855
342 27.402999999999853
343 27.48299999999985
344 27.56299999999985
345 27.642999999999848
346 27.722999999999846
347 27.802999999999845
348 27.881999999999845
349 27.962999999999845
350 28.044999999999845
351 28.124999999999844
352 28.204999999999842
353 28.28499999999984
354 28.36499999999984
355 28.444999999999837
356 28.524999999999835
357 28.603999999999836
358 28.683999999999834
359 28.762999999999835
360 28.842999999999833
361 28.92299999999983
362 29.00299999999983
363 29.08199999999983
364 29.16199999999983
365 29.24099999999983
366 29.31999999999983
367 29.399999999999828
368 29.47899999999983
369 29.558999999999827
370 29.638999999999825
371 29.718999999999824
372 29.798999999999822
373 29.87899999999982
374 29.95799999999982
375 30.03799999999982
376 30.11699999999982
377 30.196999999999818
378 30.276999999999816
379 30.356999999999815
380 30.436999999999813
381 30.51699999999981
382 30.59699999999981
383 30.676999999999808
384 30.756999999999806
385 30.836999999999804
386 30.916999999999803
387 30.9969999999998
388 31.0769999999998
389 31.156999999999798
390 31.236999999999796
391 31.315999999999796
392 31.395999999999795
393 31.475999999999793
394 31.55599999999979
395 31.63599999999979
396 31.715999999999788
397 31.795999999999786
398 31.874999999999787
399 31.954999999999785
400 32.03499999999978
401 32.11499999999978
402 32.19499999999978
403 32.27499999999978
404 32.35499999999978
405 32.434999999999775
406 32.513999999999776
407 32.593999999999774
408 32.67399999999977
409 32.75399999999977
410 32.83399999999977
411 32.91399999999977
412 32.993999999999765
413 33.073999999999764
414 33.152999999999764
415 33.23299999999976
416 33.31299999999976
417 33.39299999999976
418 33.47299999999976
419 33.552999999999756
420 33.632999999999754
421 33.71299999999975
422 33.79299999999975
423 33.87299999999975
424 33.95199999999975
425 34.03199999999975
426 34.11099999999975
427 34.18999999999975
428 34.26999999999975
429 34.349999999999746
430 34.429999999999744
431 34.50999999999974
432 34.58999999999974
433 34.66999999999974
434 34.74899999999974
435 34.82799999999974
436 34.90799999999974
437 34.98799999999974
438 35.067999999999735
439 35.14799999999973
440 35.22799999999973
441 35.30799999999973
442 35.38799999999973
443 35.46699999999973
444 35.54699999999973
445 35.626999999999725
446 35.706999999999724
447 35.785999999999724
448 35.86599999999972
449 35.94499999999972
450 36.02499999999972
451 36.10499999999972
452 36.18499999999972
453 36.264999999999716
454 36.344999999999715
455 36.42499999999971
456 36.50499999999971
457 36.58499999999971
458 36.66499999999971
459 36.744999999999706
460 36.824999999999704
461 36.9049999999997
462 36.9849999999997
463 37.0649999999997
464 37.1449999999997
465 37.224999999999696
466 37.304999999999694
467 37.383999999999695
468 37.46399999999969
469 37.54399999999969
470 37.62399999999969
471 37.70399999999969
472 37.783999999999686
473 37.863999999999685
474 37.94399999999968
475 38.02399999999968
476 38.10399999999968
477 38.18399999999968
478 38.263999999999676
479 38.343999999999674
480 38.42399999999967
481 38.50399999999967
482 38.58299999999967
483 38.66299999999967
484 38.74299999999967
485 38.822999999999666
486 38.902999999999665
487 38.981999999999665
488 39.061999999999664
489 39.140999999999664
490 39.22099999999966
491 39.30099999999966
492 39.38099999999966
493 39.46099999999966
494 39.53999999999966
495 39.61899999999966
496 39.69799999999966
497 39.77799999999966
498 39.857999999999656
499 39.937999999999654
