0 0.008
1 0.015
2 0.019
3 0.022
4 0.024999999999999998
5 0.028999999999999998
6 0.032
7 0.035
8 0.038000000000000006
9 0.04200000000000001
10 0.04500000000000001
11 0.048000000000000015
12 0.05100000000000002
13 0.05400000000000002
14 0.05700000000000002
15 0.060000000000000026
16 0.06300000000000003
17 0.06600000000000003
18 0.06900000000000003
19 0.07200000000000004
20 0.07500000000000004
21 0.07900000000000004
22 0.08200000000000005
23 0.08500000000000005
24 0.08800000000000005
25 0.09100000000000005
26 0.09400000000000006
27 0.09700000000000006
28 0.10000000000000006
29 0.10300000000000006
30 0.10600000000000007
31 0.10900000000000007
32 0.11200000000000007
33 0.11500000000000007
34 0.11800000000000008
35 0.12100000000000008
36 0.1310000000000001
37 0.1340000000000001
38 0.1370000000000001
39 0.1400000000000001
40 0.1440000000000001
41 0.1490000000000001
42 0.1530000000000001
43 0.1580000000000001
44 0.16100000000000012
45 0.16400000000000012
46 0.16800000000000012
47 0.17100000000000012
48 0.17400000000000013
49 0.17700000000000013
50 0.18000000000000013
51 0.18700000000000014
52 0.19000000000000014
53 0.19300000000000014
54 0.19600000000000015
55 0.19900000000000015
56 0.20200000000000015
57 0.20500000000000015
58 0.20800000000000016
59 0.21100000000000016
60 0.21400000000000016
61 0.21800000000000017
62 0.22200000000000017
63 0.22600000000000017
64 0.22900000000000018
65 0.23300000000000018
66 0.23600000000000018
67 0.23900000000000018
68 0.2430000000000002
69 0.25400000000000017
70 0.2580000000000002
71 0.2610000000000002
72 0.2650000000000002
73 0.2680000000000002
74 0.2710000000000002
75 0.2740000000000002
76 0.2770000000000002
77 0.2800000000000002
78 0.2830000000000002
79 0.2860000000000002
80 0.2890000000000002
81 0.2920000000000002
82 0.2950000000000002
83 0.2980000000000002
84 0.3010000000000002
85 0.3040000000000002
86 0.3070000000000002
87 0.3100000000000002
88 0.3130000000000002
89 0.3160000000000002
90 0.31900000000000023
91 0.32200000000000023
92 0.32500000000000023
93 0.32800000000000024
94 0.33100000000000024
95 0.33400000000000024
96 0.33700000000000024
97 0.34000000000000025
98 0.34300000000000025
99 0.34600000000000025
100 0.34900000000000025
101 0.35200000000000026
102 0.35500000000000026
103 0.35800000000000026
104 0.36100000000000027
105 0.36400000000000027
106 0.36700000000000027
107 0.3700000000000003
108 0.3740000000000003
109 0.3770000000000003
110 0.3800000000000003
111 0.3830000000000003
112 0.3860000000000003
113 0.3890000000000003
114 0.3920000000000003
115 0.3950000000000003
116 0.3980000000000003
117 0.4010000000000003
118 0.4040000000000003
119 0.4070000000000003
120 0.4100000000000003
121 0.4130000000000003
122 0.4160000000000003
123 0.4190000000000003
124 0.4220000000000003
125 0.4250000000000003
126 0.4280000000000003
127 0.4310000000000003
128 0.43400000000000033
129 0.43700000000000033
130 0.44000000000000034
131 0.44300000000000034
132 0.44600000000000034
133 0.45700000000000035
134 0.46100000000000035
135 0.46500000000000036
136 0.46800000000000036
137 0.47200000000000036
138 0.47500000000000037
139 0.47800000000000037
140 0.48100000000000037
141 0.4840000000000004
142 0.4870000000000004
143 0.4910000000000004
144 0.4940000000000004
145 0.4970000000000004
146 0.5000000000000003
147 0.5030000000000003
148 0.5060000000000003
149 0.5090000000000003
150 0.5120000000000003
151 0.5150000000000003
152 0.5180000000000003
153 0.5210000000000004
154 0.5240000000000004
155 0.5270000000000004
156 0.5300000000000004
157 0.5330000000000004
158 0.5360000000000004
159 0.5390000000000004
160 0.5420000000000004
161 0.5450000000000004
162 0.5480000000000004
163 0.5510000000000004
164 0.5540000000000004
165 0.5570000000000004
166 0.5600000000000004
167 0.5630000000000004
168 0.5660000000000004
169 0.5690000000000004
170 0.5720000000000004
171 0.5750000000000004
172 0.5780000000000004
173 0.5810000000000004
174 0.5840000000000004
175 0.5870000000000004
176 0.5900000000000004
177 0.5930000000000004
178 0.5960000000000004
179 0.5990000000000004
180 0.6020000000000004
181 0.6050000000000004
182 0.6080000000000004
183 0.6110000000000004
184 0.6140000000000004
185 0.6170000000000004
186 0.6200000000000004
187 0.6230000000000004
188 0.6260000000000004
189 0.6290000000000004
190 0.6320000000000005
191 0.6350000000000005
192 0.6380000000000005
193 0.6420000000000005
194 0.6450000000000005
195 0.6480000000000005
196 0.6510000000000005
197 0.6540000000000005
198 0.6580000000000005
199 0.6610000000000005
200 0.6650000000000005
201 0.6690000000000005
202 0.6730000000000005
203 0.6760000000000005
204 0.6790000000000005
205 0.6830000000000005
206 0.6870000000000005
207 0.6900000000000005
208 0.6930000000000005
209 0.6960000000000005
210 0.6990000000000005
211 0.7020000000000005
212 0.7050000000000005
213 0.7080000000000005
214 0.7110000000000005
215 0.7170000000000005
216 0.7210000000000005
217 0.7300000000000005
218 0.7340000000000005
219 0.7370000000000005
220 0.7400000000000005
221 0.7430000000000005
222 0.7460000000000006
223 0.7490000000000006
224 0.7520000000000006
225 0.7550000000000006
226 0.7580000000000006
227 0.7610000000000006
228 0.7640000000000006
229 0.7670000000000006
230 0.7700000000000006
231 0.7730000000000006
232 0.7760000000000006
233 0.7790000000000006
234 0.7820000000000006
235 0.7850000000000006
236 0.7880000000000006
237 0.7910000000000006
238 0.7940000000000006
239 0.7970000000000006
240 0.8010000000000006
241 0.8040000000000006
242 0.8070000000000006
243 0.8100000000000006
244 0.8130000000000006
245 0.8170000000000006
246 0.8210000000000006
247 0.8250000000000006
248 0.8280000000000006
249 0.8310000000000006
250 0.8340000000000006
251 0.8370000000000006
252 0.8400000000000006
253 0.8430000000000006
254 0.8470000000000006
255 0.8500000000000006
256 0.8530000000000006
257 0.8560000000000006
258 0.8590000000000007
259 0.8630000000000007
260 0.8660000000000007
261 0.8690000000000007
262 0.8720000000000007
263 0.8760000000000007
264 0.8790000000000007
265 0.8820000000000007
266 0.8910000000000007
267 0.8950000000000007
268 0.8990000000000007
269 0.9030000000000007
270 0.9130000000000007
271 0.9180000000000007
272 0.9220000000000007
273 0.9260000000000007
274 0.9290000000000007
275 0.9320000000000007
276 0.9350000000000007
277 0.9380000000000007
278 0.9410000000000007
279 0.9440000000000007
280 0.9470000000000007
281 0.9500000000000007
282 0.9530000000000007
283 0.9560000000000007
284 0.9590000000000007
285 0.9620000000000007
286 0.9650000000000007
287 0.9680000000000007
288 0.9710000000000008
289 0.9740000000000008
290 0.9770000000000008
291 0.9800000000000008
292 0.9830000000000008
293 0.9860000000000008
294 0.9890000000000008
295 0.9920000000000008
296 0.9950000000000008
297 0.9980000000000008
298 1.0010000000000008
299 1.0040000000000007
300 1.0070000000000006
301 1.0100000000000005
302 1.0200000000000005
303 1.0240000000000005
304 1.0270000000000004
305 1.0300000000000002
306 1.0340000000000003
307 1.0370000000000001
308 1.04
309 1.047
310 1.051
311 1.0539999999999998
312 1.0569999999999997
313 1.0609999999999997
314 1.0639999999999996
315 1.0679999999999996
316 1.0709999999999995
317 1.0739999999999994
318 1.0769999999999993
319 1.0799999999999992
320 1.082999999999999
321 1.085999999999999
322 1.0889999999999989
323 1.0929999999999989
324 1.0959999999999988
325 1.0989999999999986
326 1.1019999999999985
327 1.1059999999999985
328 1.1089999999999984
329 1.1119999999999983
330 1.1149999999999982
331 1.117999999999998
332 1.120999999999998
333 1.123999999999998
334 1.1269999999999978
335 1.1299999999999977
336 1.1329999999999976
337 1.1369999999999976
338 1.1399999999999975
339 1.1429999999999974
340 1.1459999999999972
341 1.1489999999999971
342 1.1529999999999971
343 1.155999999999997
344 1.158999999999997
345 1.1619999999999968
346 1.1649999999999967
347 1.1679999999999966
348 1.1709999999999965
349 1.1739999999999964
350 1.1769999999999963
351 1.1799999999999962
352 1.182999999999996
353 1.185999999999996
354 1.1889999999999958
355 1.1919999999999957
356 1.1949999999999956
357 1.1979999999999955
358 1.2009999999999954
359 1.2039999999999953
360 1.2069999999999952
361 1.209999999999995
362 1.212999999999995
363 1.2159999999999949
364 1.2189999999999948
365 1.2219999999999946
366 1.2249999999999945
367 1.2289999999999945
368 1.2319999999999944
369 1.2349999999999943
370 1.2389999999999943
371 1.2459999999999942
372 1.2509999999999941
373 1.2589999999999941
374 1.2689999999999941
375 1.275999999999994
376 1.280999999999994
377 1.2859999999999938
378 1.2899999999999938
379 1.2979999999999938
380 1.3019999999999938
381 1.3059999999999938
382 1.3109999999999937
383 1.3139999999999936
384 1.3169999999999935
385 1.3209999999999935
386 1.3289999999999935
387 1.3319999999999934
388 1.3349999999999933
389 1.3419999999999932
390 1.346999999999993
391 1.350999999999993
392 1.355999999999993
393 1.3589999999999929
394 1.3619999999999928
395 1.3669999999999927
396 1.3699999999999926
397 1.3729999999999924
398 1.3759999999999923
399 1.3789999999999922
400 1.3829999999999922
401 1.3859999999999921
402 1.388999999999992
403 1.392999999999992
404 1.395999999999992
405 1.3989999999999918
406 1.4019999999999917
407 1.4049999999999916
408 1.4079999999999915
409 1.4109999999999914
410 1.4139999999999913
411 1.4169999999999912
412 1.4209999999999912
413 1.423999999999991
414 1.427999999999991
415 1.430999999999991
416 1.4339999999999908
417 1.4399999999999908
418 1.4429999999999907
419 1.4469999999999907
420 1.4509999999999907
421 1.4539999999999906
422 1.4579999999999906
423 1.4609999999999905
424 1.4649999999999905
425 1.4679999999999904
426 1.4709999999999903
427 1.4739999999999902
428 1.47699999999999
429 1.47999999999999
430 1.4829999999999899
431 1.4859999999999898
432 1.4889999999999897
433 1.4919999999999896
434 1.4949999999999894
435 1.4979999999999893
436 1.5009999999999892
437 1.5039999999999891
438 1.506999999999989
439 1.509999999999989
440 1.5129999999999888
441 1.5159999999999887
442 1.5189999999999886
443 1.5219999999999885
444 1.5259999999999885
445 1.5289999999999884
446 1.5319999999999883
447 1.5349999999999882
448 1.5389999999999882
449 1.5429999999999882
450 1.545999999999988
451 1.548999999999988
452 1.5519999999999878
453 1.5549999999999877
454 1.5579999999999876
455 1.5609999999999875
456 1.5639999999999874
457 1.5669999999999873
458 1.5699999999999872
459 1.572999999999987
460 1.575999999999987
461 1.5789999999999869
462 1.5819999999999868
463 1.5849999999999866
464 1.5879999999999865
465 1.5909999999999864
466 1.5949999999999864
467 1.6009999999999864
468 1.6039999999999863
469 1.6069999999999862
470 1.609999999999986
471 1.612999999999986
472 1.615999999999986
473 1.6189999999999858
474 1.6219999999999857
475 1.6249999999999856
476 1.6279999999999855
477 1.6309999999999854
478 1.6339999999999852
479 1.6369999999999851
480 1.639999999999985
481 1.642999999999985
482 1.6459999999999848
483 1.6489999999999847
484 1.6519999999999846
485 1.6549999999999845
486 1.6579999999999844
487 1.6609999999999843
488 1.6639999999999842
489 1.6679999999999842
490 1.6719999999999842
491 1.674999999999984
492 1.677999999999984
493 1.6809999999999838
494 1.6839999999999837
495 1.6869999999999836
496 1.6899999999999835
497 1.6929999999999834
498 1.6959999999999833
499 1.6989999999999832
