0 0.027
1 0.059
2 0.08499999999999999
3 0.10999999999999999
4 0.13599999999999998
5 0.16199999999999998
6 0.18999999999999997
7 0.21599999999999997
8 0.24099999999999996
9 0.26699999999999996
10 0.292
11 0.317
12 0.342
13 0.36800000000000005
14 0.39300000000000007
15 0.4190000000000001
16 0.4440000000000001
17 0.47000000000000014
18 0.49500000000000016
19 0.5200000000000001
20 0.5450000000000002
21 0.5710000000000002
22 0.5970000000000002
23 0.6220000000000002
24 0.6480000000000002
25 0.6730000000000003
26 0.6980000000000003
27 0.7240000000000003
28 0.7500000000000003
29 0.7750000000000004
30 0.8010000000000004
31 0.8280000000000004
32 0.8530000000000004
33 0.8780000000000004
34 0.9030000000000005
35 0.9290000000000005
36 0.9540000000000005
37 0.9790000000000005
38 1.0040000000000004
39 1.0290000000000004
40 1.0550000000000004
41 1.0800000000000003
42 1.1060000000000003
43 1.1310000000000002
44 1.1570000000000003
45 1.1820000000000002
46 1.2080000000000002
47 1.2340000000000002
48 1.2600000000000002
49 1.2850000000000001
50 1.3150000000000002
51 1.3410000000000002
52 1.3670000000000002
53 1.3930000000000002
54 1.4180000000000001
55 1.4440000000000002
56 1.469
57 1.494
58 1.519
59 1.545
60 1.5699999999999998
61 1.5949999999999998
62 1.6199999999999997
63 1.6459999999999997
64 1.6719999999999997
65 1.6979999999999997
66 1.7229999999999996
67 1.7479999999999996
68 1.7739999999999996
69 1.7989999999999995
70 1.8239999999999994
71 1.8499999999999994
72 1.8749999999999993
73 1.9009999999999994
74 1.9259999999999993
75 1.9509999999999992
76 1.9769999999999992
77 2.0019999999999993
78 2.0269999999999992
79 2.051999999999999
80 2.077999999999999
81 2.102999999999999
82 2.1289999999999987
83 2.1549999999999985
84 2.1809999999999983
85 2.205999999999998
86 2.230999999999998
87 2.255999999999998
88 2.280999999999998
89 2.3069999999999977
90 2.3319999999999976
91 2.3569999999999975
92 2.3819999999999975
93 2.4069999999999974
94 2.432999999999997
95 2.458999999999997
96 2.483999999999997
97 2.5099999999999967
98 2.5349999999999966
99 2.5599999999999965
100 2.5849999999999964
101 2.610999999999996
102 2.636999999999996
103 2.661999999999996
104 2.686999999999996
105 2.7129999999999956
106 2.7379999999999955
107 2.7629999999999955
108 2.7889999999999953
109 2.813999999999995
110 2.839999999999995
111 2.8659999999999948
112 2.8919999999999946
113 2.9179999999999944
114 2.9429999999999943
115 2.968999999999994
116 2.994999999999994
117 3.0209999999999937
118 3.0459999999999936
119 3.0719999999999934
120 3.0969999999999933
121 3.122999999999993
122 3.148999999999993
123 3.1749999999999927
124 3.2009999999999925
125 3.2269999999999923
126 3.252999999999992
127 3.278999999999992
128 3.303999999999992
129 3.3289999999999917
130 3.3539999999999917
131 3.3789999999999916
132 3.4039999999999915
133 3.4289999999999914
134 3.4539999999999913
135 3.479999999999991
136 3.505999999999991
137 3.530999999999991
138 3.5569999999999906
139 3.5819999999999905
140 3.6079999999999903
141 3.6329999999999902
142 3.65799999999999
143 3.68399999999999
144 3.70899999999999
145 3.7349999999999897
146 3.7609999999999895
147 3.7869999999999893
148 3.812999999999989
149 3.838999999999989
150 3.8649999999999887
151 3.8909999999999885
152 3.9169999999999883
153 3.942999999999988
154 3.967999999999988
155 3.993999999999988
156 4.019999999999988
157 4.045999999999988
158 4.070999999999988
159 4.096999999999988
160 4.122999999999988
161 4.148999999999988
162 4.174999999999987
163 4.199999999999988
164 4.2259999999999875
165 4.251999999999987
166 4.276999999999988
167 4.3029999999999875
168 4.327999999999988
169 4.352999999999988
170 4.378999999999988
171 4.403999999999988
172 4.428999999999989
173 4.453999999999989
174 4.478999999999989
175 4.504999999999989
176 4.530999999999989
177 4.556999999999989
178 4.581999999999989
179 4.607999999999989
180 4.632999999999989
181 4.65799999999999
182 4.68299999999999
183 4.70899999999999
184 4.73499999999999
185 4.7609999999999895
186 4.786999999999989
187 4.81199999999999
188 4.837999999999989
189 4.86299999999999
190 4.88799999999999
191 4.9129999999999905
192 4.93899999999999
193 4.963999999999991
194 4.98999999999999
195 5.014999999999991
196 5.039999999999991
197 5.0649999999999915
198 5.089999999999992
199 5.114999999999992
200 5.140999999999992
201 5.165999999999992
202 5.191999999999992
203 5.2169999999999925
204 5.242999999999992
205 5.268999999999992
206 5.2939999999999925
207 5.318999999999993
208 5.344999999999993
209 5.3709999999999924
210 5.395999999999993
211 5.421999999999993
212 5.447999999999992
213 5.473999999999992
214 5.499999999999992
215 5.525999999999992
216 5.550999999999992
217 5.5759999999999925
218 5.600999999999993
219 5.626999999999993
220 5.6529999999999925
221 5.678999999999992
222 5.704999999999992
223 5.730999999999992
224 5.755999999999992
225 5.781999999999992
226 5.806999999999992
227 5.832999999999992
228 5.8579999999999925
229 5.882999999999993
230 5.908999999999993
231 5.933999999999993
232 5.959999999999993
233 5.984999999999993
234 6.009999999999994
235 6.035999999999993
236 6.060999999999994
237 6.085999999999994
238 6.110999999999994
239 6.136999999999994
240 6.162999999999994
241 6.188999999999994
242 6.213999999999994
243 6.2389999999999946
244 6.264999999999994
245 6.289999999999995
246 6.3159999999999945
247 6.340999999999995
248 6.365999999999995
249 6.392999999999995
250 6.418999999999995
251 6.444999999999995
252 6.470999999999995
253 6.495999999999995
254 6.521999999999995
255 6.547999999999995
256 6.5739999999999945
257 6.598999999999995
258 6.624999999999995
259 6.6509999999999945
260 6.675999999999995
261 6.701999999999995
262 6.727999999999994
263 6.753999999999994
264 6.778999999999995
265 6.804999999999994
266 6.829999999999995
267 6.8559999999999945
268 6.880999999999995
269 6.905999999999995
270 6.930999999999996
271 6.955999999999996
272 6.980999999999996
273 7.005999999999997
274 7.030999999999997
275 7.056999999999997
276 7.082999999999997
277 7.107999999999997
278 7.133999999999997
279 7.159999999999997
280 7.184999999999997
281 7.209999999999997
282 7.235999999999997
283 7.261999999999997
284 7.286999999999997
285 7.312999999999997
286 7.337999999999997
287 7.363999999999997
288 7.388999999999998
289 7.414999999999997
290 7.439999999999998
291 7.4659999999999975
292 7.490999999999998
293 7.516999999999998
294 7.5429999999999975
295 7.567999999999998
296 7.592999999999998
297 7.618999999999998
298 7.643999999999998
299 7.668999999999999
300 7.6949999999999985
301 7.720999999999998
302 7.746999999999998
303 7.7719999999999985
304 7.796999999999999
305 7.822999999999999
306 7.847999999999999
307 7.873999999999999
308 7.898999999999999
309 7.924999999999999
310 7.949999999999999
311 7.975
312 8.001
313 8.026
314 8.052
315 8.077
316 8.103
317 8.128
318 8.154
319 8.179
320 8.205
321 8.23
322 8.255
323 8.282
324 8.307
325 8.333
326 8.358
327 8.384
328 8.41
329 8.435
330 8.46
331 8.486
332 8.512
333 8.538
334 8.564
335 8.59
336 8.616
337 8.641
338 8.667
339 8.693
340 8.719
341 8.745
342 8.77
343 8.796
344 8.821
345 8.847
346 8.872
347 8.898
348 8.923
349 8.949
350 8.974
351 9.0
352 9.026
353 9.052
354 9.078
355 9.104
356 9.129
357 9.154
358 9.18
359 9.205
360 9.231
361 9.257
362 9.283
363 9.308
364 9.334
365 9.36
366 9.385
367 9.411
368 9.437
369 9.463
370 9.488
371 9.514
372 9.539
373 9.564
374 9.589
375 9.615
376 9.64
377 9.665000000000001
378 9.690000000000001
379 9.716000000000001
380 9.741000000000001
381 9.766000000000002
382 9.792000000000002
383 9.817000000000002
384 9.843000000000002
385 9.869000000000002
386 9.895000000000001
387 9.920000000000002
388 9.945000000000002
389 9.971000000000002
390 9.996000000000002
391 10.021000000000003
392 10.046000000000003
393 10.071000000000003
394 10.097000000000003
395 10.123000000000003
396 10.148000000000003
397 10.174000000000003
398 10.200000000000003
399 10.226000000000003
400 10.252000000000002
401 10.278000000000002
402 10.304000000000002
403 10.330000000000002
404 10.356000000000002
405 10.382000000000001
406 10.408000000000001
407 10.434000000000001
408 10.459000000000001
409 10.485000000000001
410 10.511000000000001
411 10.536000000000001
412 10.562000000000001
413 10.587000000000002
414 10.614
415 10.64
416 10.665000000000001
417 10.690000000000001
418 10.716000000000001
419 10.741000000000001
420 10.766000000000002
421 10.792000000000002
422 10.818000000000001
423 10.849000000000002
424 10.875000000000002
425 10.901000000000002
426 10.927000000000001
427 10.953000000000001
428 10.979000000000001
429 11.005
430 11.031
431 11.057
432 11.083
433 11.109
434 11.135
435 11.161
436 11.186
437 11.211
438 11.237
439 11.262
440 11.287
441 11.313
442 11.339
443 11.365
444 11.39
445 11.415000000000001
446 11.440000000000001
447 11.466000000000001
448 11.491000000000001
449 11.517000000000001
450 11.542000000000002
451 11.567000000000002
452 11.592000000000002
453 11.618000000000002
454 11.643000000000002
455 11.669000000000002
456 11.695000000000002
457 11.721000000000002
458 11.747000000000002
459 11.773000000000001
460 11.799000000000001
461 11.825000000000001
462 11.851
463 11.876000000000001
464 11.902000000000001
465 11.927000000000001
466 11.953000000000001
467 11.978000000000002
468 12.004000000000001
469 12.029000000000002
470 12.054000000000002
471 12.079000000000002
472 12.104000000000003
473 12.129000000000003
474 12.154000000000003
475 12.180000000000003
476 12.205000000000004
477 12.231000000000003
478 12.256000000000004
479 12.282000000000004
480 12.308000000000003
481 12.333000000000004
482 12.358000000000004
483 12.384000000000004
484 12.410000000000004
485 12.436000000000003
486 12.461000000000004
487 12.487000000000004
488 12.512000000000004
489 12.538000000000004
490 12.563000000000004
491 12.588000000000005
492 12.614000000000004
493 12.640000000000004
494 12.666000000000004
495 12.692000000000004
496 12.718000000000004
497 12.743000000000004
498 12.768000000000004
499 12.793000000000005
