0 0.003
1 0.006
2 0.01
3 0.013000000000000001
4 0.016
5 0.022
6 0.024999999999999998
7 0.027999999999999997
8 0.030999999999999996
9 0.033999999999999996
10 0.037
11 0.04
12 0.043000000000000003
13 0.046000000000000006
14 0.04900000000000001
15 0.05200000000000001
16 0.055000000000000014
17 0.05800000000000002
18 0.06100000000000002
19 0.06400000000000002
20 0.06700000000000002
21 0.07000000000000002
22 0.07300000000000002
23 0.07600000000000003
24 0.07900000000000003
25 0.08400000000000003
26 0.08700000000000004
27 0.09100000000000004
28 0.09400000000000004
29 0.09700000000000004
30 0.10000000000000005
31 0.10300000000000005
32 0.10600000000000005
33 0.10900000000000006
34 0.11200000000000006
35 0.11500000000000006
36 0.11800000000000006
37 0.12100000000000007
38 0.12400000000000007
39 0.12700000000000006
40 0.13000000000000006
41 0.13300000000000006
42 0.13600000000000007
43 0.13900000000000007
44 0.14200000000000007
45 0.14500000000000007
46 0.14800000000000008
47 0.15100000000000008
48 0.15400000000000008
49 0.15700000000000008
50 0.1600000000000001
51 0.1630000000000001
52 0.1660000000000001
53 0.1690000000000001
54 0.1720000000000001
55 0.1750000000000001
56 0.1780000000000001
57 0.1810000000000001
58 0.1840000000000001
59 0.1870000000000001
60 0.1900000000000001
61 0.19300000000000012
62 0.19600000000000012
63 0.19900000000000012
64 0.20200000000000012
65 0.20500000000000013
66 0.20800000000000013
67 0.21100000000000013
68 0.21400000000000013
69 0.21700000000000014
70 0.22000000000000014
71 0.22300000000000014
72 0.22600000000000015
73 0.22900000000000015
74 0.23200000000000015
75 0.23500000000000015
76 0.23800000000000016
77 0.24100000000000016
78 0.24400000000000016
79 0.24700000000000016
80 0.25000000000000017
81 0.25300000000000017
82 0.25600000000000017
83 0.2590000000000002
84 0.2620000000000002
85 0.2650000000000002
86 0.2680000000000002
87 0.2710000000000002
88 0.2760000000000002
89 0.2790000000000002
90 0.2820000000000002
91 0.2850000000000002
92 0.2880000000000002
93 0.2910000000000002
94 0.2940000000000002
95 0.2970000000000002
96 0.3000000000000002
97 0.3030000000000002
98 0.3060000000000002
99 0.3090000000000002
100 0.3120000000000002
101 0.3150000000000002
102 0.3180000000000002
103 0.32100000000000023
104 0.32400000000000023
105 0.32700000000000023
106 0.33000000000000024
107 0.33300000000000024
108 0.33600000000000024
109 0.33900000000000025
110 0.34200000000000025
111 0.34500000000000025
112 0.34800000000000025
113 0.35100000000000026
114 0.35400000000000026
115 0.35700000000000026
116 0.36000000000000026
117 0.36300000000000027
118 0.36600000000000027
119 0.36900000000000027
120 0.3720000000000003
121 0.3750000000000003
122 0.3780000000000003
123 0.3820000000000003
124 0.3850000000000003
125 0.3880000000000003
126 0.3920000000000003
127 0.3950000000000003
128 0.3980000000000003
129 0.4010000000000003
130 0.4040000000000003
131 0.4070000000000003
132 0.4100000000000003
133 0.4130000000000003
134 0.4160000000000003
135 0.4190000000000003
136 0.4220000000000003
137 0.4250000000000003
138 0.4280000000000003
139 0.4310000000000003
140 0.43400000000000033
141 0.43700000000000033
142 0.44000000000000034
143 0.44300000000000034
144 0.44600000000000034
145 0.44900000000000034
146 0.45200000000000035
147 0.45500000000000035
148 0.45800000000000035
149 0.46100000000000035
150 0.46400000000000036
151 0.46700000000000036
152 0.47100000000000036
153 0.47400000000000037
154 0.47800000000000037
155 0.48100000000000037
156 0.4840000000000004
157 0.4870000000000004
158 0.4900000000000004
159 0.4930000000000004
160 0.4970000000000004
161 0.5000000000000003
162 0.5030000000000003
163 0.5060000000000003
164 0.5090000000000003
165 0.5120000000000003
166 0.5150000000000003
167 0.5180000000000003
168 0.5210000000000004
169 0.5240000000000004
170 0.5270000000000004
171 0.5300000000000004
172 0.5330000000000004
173 0.5360000000000004
174 0.5390000000000004
175 0.5420000000000004
176 0.5450000000000004
177 0.5480000000000004
178 0.5510000000000004
179 0.5540000000000004
180 0.5570000000000004
181 0.5600000000000004
182 0.5630000000000004
183 0.5660000000000004
184 0.5690000000000004
185 0.5720000000000004
186 0.5750000000000004
187 0.5780000000000004
188 0.5820000000000004
189 0.5850000000000004
190 0.5890000000000004
191 0.5920000000000004
192 0.5950000000000004
193 0.5980000000000004
194 0.6010000000000004
195 0.6040000000000004
196 0.6070000000000004
197 0.6100000000000004
198 0.6130000000000004
199 0.6160000000000004
200 0.6190000000000004
201 0.6220000000000004
202 0.6250000000000004
203 0.6280000000000004
204 0.6310000000000004
205 0.6340000000000005
206 0.6370000000000005
207 0.6400000000000005
208 0.6430000000000005
209 0.6460000000000005
210 0.6490000000000005
211 0.6520000000000005
212 0.6550000000000005
213 0.6580000000000005
214 0.6610000000000005
215 0.6640000000000005
216 0.6680000000000005
217 0.6710000000000005
218 0.6740000000000005
219 0.6770000000000005
220 0.6800000000000005
221 0.6830000000000005
222 0.6860000000000005
223 0.6890000000000005
224 0.6920000000000005
225 0.6950000000000005
226 0.6980000000000005
227 0.7010000000000005
228 0.7040000000000005
229 0.7070000000000005
230 0.7100000000000005
231 0.7130000000000005
232 0.7160000000000005
233 0.7190000000000005
234 0.7220000000000005
235 0.7250000000000005
236 0.7280000000000005
237 0.7310000000000005
238 0.7340000000000005
239 0.7370000000000005
240 0.7400000000000005
241 0.7430000000000005
242 0.7460000000000006
243 0.7490000000000006
244 0.7520000000000006
245 0.7550000000000006
246 0.7580000000000006
247 0.7610000000000006
248 0.7640000000000006
249 0.7670000000000006
250 0.7700000000000006
251 0.7730000000000006
252 0.7760000000000006
253 0.7790000000000006
254 0.7820000000000006
255 0.7850000000000006
256 0.7880000000000006
257 0.7910000000000006
258 0.7940000000000006
259 0.7970000000000006
260 0.8010000000000006
261 0.8040000000000006
262 0.8070000000000006
263 0.8100000000000006
264 0.8130000000000006
265 0.8160000000000006
266 0.8190000000000006
267 0.8220000000000006
268 0.8250000000000006
269 0.8280000000000006
270 0.8310000000000006
271 0.8340000000000006
272 0.8370000000000006
273 0.8400000000000006
274 0.8430000000000006
275 0.8460000000000006
276 0.8490000000000006
277 0.8530000000000006
278 0.8570000000000007
279 0.8600000000000007
280 0.8630000000000007
281 0.8660000000000007
282 0.8690000000000007
283 0.8720000000000007
284 0.8750000000000007
285 0.8780000000000007
286 0.8810000000000007
287 0.8840000000000007
288 0.8870000000000007
289 0.8900000000000007
290 0.8930000000000007
291 0.8960000000000007
292 0.8990000000000007
293 0.9020000000000007
294 0.9050000000000007
295 0.9080000000000007
296 0.9110000000000007
297 0.9140000000000007
298 0.9170000000000007
299 0.9200000000000007
300 0.9230000000000007
301 0.9260000000000007
302 0.9290000000000007
303 0.9320000000000007
304 0.9350000000000007
305 0.9380000000000007
306 0.9410000000000007
307 0.9440000000000007
308 0.9470000000000007
309 0.9500000000000007
310 0.9530000000000007
311 0.9560000000000007
312 0.9590000000000007
313 0.9620000000000007
314 0.9650000000000007
315 0.9680000000000007
316 0.9710000000000008
317 0.9740000000000008
318 0.9770000000000008
319 0.9800000000000008
320 0.9830000000000008
321 0.9860000000000008
322 0.9890000000000008
323 0.9920000000000008
324 0.9950000000000008
325 0.9980000000000008
326 1.0010000000000008
327 1.0040000000000007
328 1.0070000000000006
329 1.0100000000000005
330 1.0130000000000003
331 1.0160000000000002
332 1.0190000000000001
333 1.022
334 1.025
335 1.0279999999999998
336 1.0309999999999997
337 1.0339999999999996
338 1.0369999999999995
339 1.0399999999999994
340 1.0429999999999993
341 1.0459999999999992
342 1.048999999999999
343 1.051999999999999
344 1.0549999999999988
345 1.0579999999999987
346 1.0609999999999986
347 1.0639999999999985
348 1.0669999999999984
349 1.0699999999999983
350 1.0729999999999982
351 1.075999999999998
352 1.078999999999998
353 1.0819999999999979
354 1.0849999999999977
355 1.0879999999999976
356 1.0909999999999975
357 1.0939999999999974
358 1.0969999999999973
359 1.0999999999999972
360 1.102999999999997
361 1.105999999999997
362 1.1089999999999969
363 1.1119999999999968
364 1.1149999999999967
365 1.1179999999999966
366 1.1209999999999964
367 1.1239999999999963
368 1.1269999999999962
369 1.1299999999999961
370 1.132999999999996
371 1.135999999999996
372 1.1389999999999958
373 1.1419999999999957
374 1.1449999999999956
375 1.1479999999999955
376 1.1509999999999954
377 1.1539999999999953
378 1.1569999999999951
379 1.159999999999995
380 1.162999999999995
381 1.1659999999999948
382 1.1689999999999947
383 1.1719999999999946
384 1.1749999999999945
385 1.1779999999999944
386 1.1809999999999943
387 1.1839999999999942
388 1.186999999999994
389 1.189999999999994
390 1.1929999999999938
391 1.1959999999999937
392 1.1989999999999936
393 1.2019999999999935
394 1.2049999999999934
395 1.2079999999999933
396 1.2109999999999932
397 1.213999999999993
398 1.216999999999993
399 1.2199999999999929
400 1.2229999999999928
401 1.2259999999999927
402 1.2289999999999925
403 1.2319999999999924
404 1.2349999999999923
405 1.2379999999999922
406 1.240999999999992
407 1.243999999999992
408 1.246999999999992
409 1.2499999999999918
410 1.2529999999999917
411 1.2559999999999916
412 1.2589999999999915
413 1.2619999999999914
414 1.2649999999999912
415 1.2679999999999911
416 1.270999999999991
417 1.273999999999991
418 1.2769999999999908
419 1.2799999999999907
420 1.2829999999999906
421 1.2859999999999905
422 1.2889999999999904
423 1.2919999999999903
424 1.2949999999999902
425 1.29799999999999
426 1.30099999999999
427 1.3039999999999898
428 1.3069999999999897
429 1.3099999999999896
430 1.3129999999999895
431 1.3159999999999894
432 1.3189999999999893
433 1.3219999999999892
434 1.324999999999989
435 1.327999999999989
436 1.3309999999999889
437 1.3339999999999888
438 1.3369999999999886
439 1.3399999999999885
440 1.3429999999999884
441 1.3459999999999883
442 1.3489999999999882
443 1.351999999999988
444 1.354999999999988
445 1.3579999999999879
446 1.3609999999999878
447 1.3639999999999877
448 1.3669999999999876
449 1.3699999999999875
450 1.3729999999999873
451 1.3759999999999872
452 1.3789999999999871
453 1.381999999999987
454 1.384999999999987
455 1.3879999999999868
456 1.3909999999999867
457 1.3939999999999866
458 1.3969999999999865
459 1.3999999999999864
460 1.4029999999999863
461 1.4059999999999861
462 1.408999999999986
463 1.411999999999986
464 1.4149999999999858
465 1.4179999999999857
466 1.4209999999999856
467 1.4249999999999856
468 1.4279999999999855
469 1.4309999999999854
470 1.4349999999999854
471 1.4379999999999853
472 1.4409999999999852
473 1.443999999999985
474 1.446999999999985
475 1.4499999999999849
476 1.4529999999999847
477 1.4559999999999846
478 1.4589999999999845
479 1.4619999999999844
480 1.4649999999999843
481 1.4679999999999842
482 1.470999999999984
483 1.473999999999984
484 1.4769999999999839
485 1.4799999999999838
486 1.4829999999999837
487 1.4859999999999836
488 1.4889999999999834
489 1.4919999999999833
490 1.4949999999999832
491 1.4979999999999831
492 1.500999999999983
493 1.503999999999983
494 1.5069999999999828
495 1.5099999999999827
496 1.5129999999999826
497 1.5159999999999825
498 1.5189999999999824
499 1.5219999999999823
