0 0.023
1 0.049
2 0.07
3 0.09100000000000001
4 0.11200000000000002
5 0.133
6 0.154
7 0.175
8 0.19599999999999998
9 0.21699999999999997
10 0.23799999999999996
11 0.25899999999999995
12 0.27999999999999997
13 0.301
14 0.322
15 0.343
16 0.36400000000000005
17 0.38500000000000006
18 0.4060000000000001
19 0.4270000000000001
20 0.4480000000000001
21 0.46900000000000014
22 0.49000000000000016
23 0.5110000000000001
24 0.5320000000000001
25 0.5530000000000002
26 0.5740000000000002
27 0.5950000000000002
28 0.6160000000000002
29 0.6370000000000002
30 0.6580000000000003
31 0.6790000000000003
32 0.7000000000000003
33 0.7210000000000003
34 0.7420000000000003
35 0.7630000000000003
36 0.7840000000000004
37 0.8050000000000004
38 0.8260000000000004
39 0.8470000000000004
40 0.8680000000000004
41 0.8890000000000005
42 0.9100000000000005
43 0.9310000000000005
44 0.9520000000000005
45 0.9730000000000005
46 0.9940000000000005
47 1.0150000000000006
48 1.0360000000000005
49 1.0570000000000004
50 1.0780000000000003
51 1.0990000000000002
52 1.12
53 1.141
54 1.162
55 1.1829999999999998
56 1.2039999999999997
57 1.2249999999999996
58 1.2459999999999996
59 1.2669999999999995
60 1.2879999999999994
61 1.3089999999999993
62 1.3299999999999992
63 1.350999999999999
64 1.371999999999999
65 1.392999999999999
66 1.4139999999999988
67 1.4349999999999987
68 1.4559999999999986
69 1.4769999999999985
70 1.4979999999999984
71 1.5189999999999984
72 1.5399999999999983
73 1.5609999999999982
74 1.581999999999998
75 1.602999999999998
76 1.623999999999998
77 1.6449999999999978
78 1.6659999999999977
79 1.6869999999999976
80 1.7079999999999975
81 1.7289999999999974
82 1.7499999999999973
83 1.7709999999999972
84 1.7919999999999972
85 1.812999999999997
86 1.833999999999997
87 1.8549999999999969
88 1.8759999999999968
89 1.8969999999999967
90 1.9189999999999967
91 1.9399999999999966
92 1.9609999999999965
93 1.9819999999999964
94 2.0029999999999966
95 2.0239999999999965
96 2.0449999999999964
97 2.0659999999999963
98 2.086999999999996
99 2.107999999999996
100 2.128999999999996
101 2.149999999999996
102 2.170999999999996
103 2.1919999999999957
104 2.2129999999999956
105 2.2339999999999955
106 2.2549999999999955
107 2.2759999999999954
108 2.2969999999999953
109 2.317999999999995
110 2.338999999999995
111 2.359999999999995
112 2.380999999999995
113 2.401999999999995
114 2.4229999999999947
115 2.4439999999999946
116 2.4649999999999945
117 2.4859999999999944
118 2.5069999999999943
119 2.5279999999999943
120 2.548999999999994
121 2.569999999999994
122 2.590999999999994
123 2.611999999999994
124 2.632999999999994
125 2.6539999999999937
126 2.6749999999999936
127 2.6959999999999935
128 2.7169999999999934
129 2.7379999999999933
130 2.7589999999999932
131 2.779999999999993
132 2.800999999999993
133 2.821999999999993
134 2.842999999999993
135 2.8639999999999928
136 2.8849999999999927
137 2.9059999999999926
138 2.9269999999999925
139 2.9479999999999924
140 2.9689999999999923
141 2.989999999999992
142 3.010999999999992
143 3.031999999999992
144 3.052999999999992
145 3.073999999999992
146 3.0949999999999918
147 3.1159999999999917
148 3.1369999999999916
149 3.1579999999999915
150 3.1789999999999914
151 3.1999999999999913
152 3.221999999999991
153 3.242999999999991
154 3.263999999999991
155 3.284999999999991
156 3.3059999999999907
157 3.3269999999999906
158 3.3489999999999904
159 3.3699999999999903
160 3.3909999999999902
161 3.41199999999999
162 3.43299999999999
163 3.45399999999999
164 3.47499999999999
165 3.49599999999999
166 3.5169999999999897
167 3.5379999999999896
168 3.5589999999999895
169 3.5799999999999894
170 3.6009999999999893
171 3.6219999999999892
172 3.642999999999989
173 3.663999999999989
174 3.684999999999989
175 3.705999999999989
176 3.7269999999999888
177 3.7479999999999887
178 3.7689999999999886
179 3.7899999999999885
180 3.8109999999999884
181 3.8319999999999883
182 3.852999999999988
183 3.873999999999988
184 3.894999999999988
185 3.915999999999988
186 3.936999999999988
187 3.9579999999999878
188 3.9789999999999877
189 3.9999999999999876
190 4.0209999999999875
191 4.041999999999987
192 4.062999999999987
193 4.083999999999987
194 4.104999999999987
195 4.125999999999987
196 4.146999999999987
197 4.167999999999987
198 4.188999999999987
199 4.209999999999987
200 4.2309999999999865
201 4.2519999999999865
202 4.272999999999986
203 4.293999999999986
204 4.314999999999986
205 4.335999999999986
206 4.356999999999986
207 4.377999999999986
208 4.398999999999986
209 4.419999999999986
210 4.440999999999986
211 4.4619999999999855
212 4.482999999999985
213 4.503999999999985
214 4.524999999999985
215 4.545999999999985
216 4.566999999999985
217 4.587999999999985
218 4.608999999999985
219 4.629999999999985
220 4.650999999999985
221 4.671999999999985
222 4.691999999999984
223 4.712999999999984
224 4.733999999999984
225 4.754999999999984
226 4.775999999999984
227 4.796999999999984
228 4.817999999999984
229 4.8389999999999835
230 4.8599999999999834
231 4.880999999999983
232 4.901999999999983
233 4.922999999999983
234 4.943999999999983
235 4.964999999999983
236 4.985999999999983
237 5.006999999999983
238 5.027999999999983
239 5.048999999999983
240 5.0699999999999825
241 5.090999999999982
242 5.111999999999982
243 5.132999999999982
244 5.153999999999982
245 5.174999999999982
246 5.195999999999982
247 5.216999999999982
248 5.237999999999982
249 5.258999999999982
250 5.279999999999982
251 5.3009999999999815
252 5.321999999999981
253 5.342999999999981
254 5.363999999999981
255 5.384999999999981
256 5.405999999999981
257 5.426999999999981
258 5.447999999999981
259 5.468999999999981
260 5.489999999999981
261 5.50999999999998
262 5.53099999999998
263 5.55199999999998
264 5.57899999999998
265 5.60099999999998
266 5.62199999999998
267 5.64299999999998
268 5.66399999999998
269 5.68499999999998
270 5.70599999999998
271 5.72699999999998
272 5.74799999999998
273 5.76899999999998
274 5.78999999999998
275 5.8109999999999795
276 5.831999999999979
277 5.852999999999979
278 5.873999999999979
279 5.894999999999979
280 5.915999999999979
281 5.936999999999979
282 5.957999999999979
283 5.978999999999979
284 5.999999999999979
285 6.020999999999979
286 6.0419999999999785
287 6.062999999999978
288 6.083999999999978
289 6.104999999999978
290 6.125999999999978
291 6.146999999999978
292 6.167999999999978
293 6.188999999999978
294 6.209999999999978
295 6.230999999999978
296 6.251999999999978
297 6.2729999999999775
298 6.293999999999977
299 6.314999999999977
300 6.335999999999977
301 6.356999999999977
302 6.377999999999977
303 6.398999999999977
304 6.419999999999977
305 6.440999999999977
306 6.461999999999977
307 6.482999999999977
308 6.5039999999999765
309 6.524999999999976
310 6.545999999999976
311 6.566999999999976
312 6.587999999999976
313 6.608999999999976
314 6.629999999999976
315 6.6499999999999755
316 6.670999999999975
317 6.691999999999975
318 6.712999999999975
319 6.733999999999975
320 6.754999999999975
321 6.775999999999975
322 6.796999999999975
323 6.818999999999975
324 6.839999999999975
325 6.860999999999975
326 6.881999999999975
327 6.902999999999975
328 6.923999999999975
329 6.9449999999999745
330 6.965999999999974
331 6.986999999999974
332 7.007999999999974
333 7.028999999999974
334 7.049999999999974
335 7.070999999999974
336 7.091999999999974
337 7.112999999999974
338 7.133999999999974
339 7.154999999999974
340 7.1759999999999735
341 7.196999999999973
342 7.217999999999973
343 7.238999999999973
344 7.259999999999973
345 7.280999999999973
346 7.301999999999973
347 7.322999999999973
348 7.343999999999973
349 7.364999999999973
350 7.385999999999973
351 7.407999999999973
352 7.428999999999973
353 7.449999999999973
354 7.4709999999999726
355 7.4919999999999725
356 7.512999999999972
357 7.533999999999972
358 7.554999999999972
359 7.575999999999972
360 7.596999999999972
361 7.617999999999972
362 7.638999999999972
363 7.659999999999972
364 7.680999999999972
365 7.7019999999999715
366 7.722999999999971
367 7.743999999999971
368 7.764999999999971
369 7.785999999999971
370 7.806999999999971
371 7.827999999999971
372 7.848999999999971
373 7.869999999999971
374 7.890999999999971
375 7.911999999999971
376 7.933999999999971
377 7.954999999999971
378 7.975999999999971
379 7.996999999999971
380 8.01799999999997
381 8.038999999999971
382 8.059999999999972
383 8.080999999999973
384 8.101999999999974
385 8.122999999999974
386 8.143999999999975
387 8.164999999999976
388 8.185999999999977
389 8.206999999999978
390 8.227999999999978
391 8.24899999999998
392 8.26999999999998
393 8.29099999999998
394 8.311999999999982
395 8.332999999999982
396 8.353999999999983
397 8.374999999999984
398 8.396999999999984
399 8.417999999999985
400 8.438999999999986
401 8.459999999999987
402 8.480999999999987
403 8.501999999999988
404 8.522999999999989
405 8.54399999999999
406 8.56499999999999
407 8.585999999999991
408 8.606999999999992
409 8.627999999999993
410 8.648999999999994
411 8.669999999999995
412 8.690999999999995
413 8.711999999999996
414 8.732999999999997
415 8.753999999999998
416 8.774999999999999
417 8.796
418 8.817
419 8.838000000000001
420 8.859000000000002
421 8.880000000000003
422 8.901000000000003
423 8.922000000000004
424 8.943000000000005
425 8.963000000000005
426 8.984000000000005
427 9.005000000000006
428 9.026000000000007
429 9.047000000000008
430 9.068000000000008
431 9.08900000000001
432 9.11000000000001
433 9.13100000000001
434 9.152000000000012
435 9.173000000000012
436 9.194000000000013
437 9.215000000000014
438 9.236000000000015
439 9.257000000000016
440 9.278000000000016
441 9.299000000000017
442 9.320000000000018
443 9.341000000000019
444 9.36200000000002
445 9.38300000000002
446 9.404000000000021
447 9.425000000000022
448 9.446000000000023
449 9.467000000000024
450 9.488000000000024
451 9.510000000000025
452 9.531000000000025
453 9.552000000000026
454 9.573000000000027
455 9.594000000000028
456 9.615000000000029
457 9.63600000000003
458 9.65700000000003
459 9.678000000000031
460 9.699000000000032
461 9.720000000000033
462 9.741000000000033
463 9.763000000000034
464 9.784000000000034
465 9.805000000000035
466 9.826000000000036
467 9.847000000000037
468 9.868000000000038
469 9.889000000000038
470 9.91000000000004
471 9.93100000000004
472 9.95200000000004
473 9.973000000000042
474 9.994000000000042
475 10.015000000000043
476 10.036000000000044
477 10.057000000000045
478 10.078000000000046
479 10.099000000000046
480 10.120000000000047
481 10.141000000000048
482 10.162000000000049
483 10.18300000000005
484 10.20400000000005
485 10.225000000000051
486 10.246000000000052
487 10.267000000000053
488 10.288000000000054
489 10.309000000000054
490 10.330000000000055
491 10.351000000000056
492 10.372000000000057
493 10.393000000000058
494 10.414000000000058
495 10.43500000000006
496 10.45600000000006
497 10.47700000000006
498 10.498000000000062
499 10.519000000000062
