0 0.025
1 0.056
2 0.08
3 0.10400000000000001
4 0.127
5 0.151
6 0.175
7 0.19899999999999998
8 0.22299999999999998
9 0.24699999999999997
10 0.27099999999999996
11 0.295
12 0.319
13 0.343
14 0.36700000000000005
15 0.39100000000000007
16 0.4150000000000001
17 0.4390000000000001
18 0.46300000000000013
19 0.48700000000000015
20 0.5100000000000001
21 0.5340000000000001
22 0.5580000000000002
23 0.5820000000000002
24 0.6060000000000002
25 0.6300000000000002
26 0.6540000000000002
27 0.6780000000000003
28 0.7020000000000003
29 0.7260000000000003
30 0.7500000000000003
31 0.7740000000000004
32 0.7980000000000004
33 0.8210000000000004
34 0.8450000000000004
35 0.8690000000000004
36 0.8930000000000005
37 0.9170000000000005
38 0.9410000000000005
39 0.9650000000000005
40 0.9890000000000005
41 1.0130000000000006
42 1.0370000000000006
43 1.0610000000000006
44 1.0850000000000006
45 1.1090000000000007
46 1.1330000000000007
47 1.1570000000000007
48 1.1810000000000007
49 1.2050000000000007
50 1.2290000000000008
51 1.2520000000000007
52 1.2760000000000007
53 1.3000000000000007
54 1.3240000000000007
55 1.3480000000000008
56 1.3720000000000008
57 1.3960000000000008
58 1.4200000000000008
59 1.4440000000000008
60 1.4680000000000009
61 1.4920000000000009
62 1.516000000000001
63 1.5390000000000008
64 1.5630000000000008
65 1.5880000000000007
66 1.6120000000000008
67 1.6360000000000008
68 1.6600000000000008
69 1.6840000000000008
70 1.7080000000000009
71 1.7320000000000009
72 1.756000000000001
73 1.780000000000001
74 1.804000000000001
75 1.828000000000001
76 1.852000000000001
77 1.876000000000001
78 1.900000000000001
79 1.924000000000001
80 1.948000000000001
81 1.972000000000001
82 1.996000000000001
83 2.020000000000001
84 2.044000000000001
85 2.068000000000001
86 2.092000000000001
87 2.116000000000001
88 2.140000000000001
89 2.164000000000001
90 2.188000000000001
91 2.213000000000001
92 2.237000000000001
93 2.261000000000001
94 2.285000000000001
95 2.309000000000001
96 2.333000000000001
97 2.357000000000001
98 2.381000000000001
99 2.405000000000001
100 2.429000000000001
101 2.453000000000001
102 2.477000000000001
103 2.5010000000000012
104 2.526000000000001
105 2.550000000000001
106 2.574000000000001
107 2.598000000000001
108 2.6210000000000013
109 2.6450000000000014
110 2.6690000000000014
111 2.6930000000000014
112 2.7170000000000014
113 2.7410000000000014
114 2.7650000000000015
115 2.7880000000000016
116 2.8120000000000016
117 2.8360000000000016
118 2.8600000000000017
119 2.883000000000002
120 2.907000000000002
121 2.931000000000002
122 2.958000000000002
123 2.982000000000002
124 3.006000000000002
125 3.030000000000002
126 3.054000000000002
127 3.078000000000002
128 3.102000000000002
129 3.126000000000002
130 3.150000000000002
131 3.1730000000000023
132 3.1960000000000024
133 3.2200000000000024
134 3.2440000000000024
135 3.2680000000000025
136 3.2920000000000025
137 3.3160000000000025
138 3.3400000000000025
139 3.3650000000000024
140 3.3890000000000025
141 3.4130000000000025
142 3.4370000000000025
143 3.4610000000000025
144 3.4850000000000025
145 3.5090000000000026
146 3.5330000000000026
147 3.5570000000000026
148 3.5810000000000026
149 3.6050000000000026
150 3.628000000000003
151 3.652000000000003
152 3.675000000000003
153 3.699000000000003
154 3.723000000000003
155 3.747000000000003
156 3.771000000000003
157 3.795000000000003
158 3.819000000000003
159 3.843000000000003
160 3.867000000000003
161 3.891000000000003
162 3.915000000000003
163 3.939000000000003
164 3.963000000000003
165 3.987000000000003
166 4.011000000000003
167 4.035000000000003
168 4.059000000000003
169 4.083000000000003
170 4.107000000000003
171 4.131000000000003
172 4.155000000000003
173 4.179000000000003
174 4.203000000000003
175 4.227000000000003
176 4.251000000000003
177 4.275000000000003
178 4.299000000000003
179 4.323000000000003
180 4.347000000000003
181 4.371000000000003
182 4.395000000000003
183 4.419000000000003
184 4.443000000000003
185 4.467000000000003
186 4.491000000000003
187 4.515000000000003
188 4.539000000000003
189 4.563000000000003
190 4.587000000000003
191 4.611000000000003
192 4.635000000000003
193 4.659000000000003
194 4.682000000000003
195 4.706000000000003
196 4.729000000000003
197 4.753000000000003
198 4.777000000000003
199 4.801000000000003
200 4.825000000000003
201 4.849000000000003
202 4.873000000000003
203 4.897000000000003
204 4.921000000000003
205 4.945000000000003
206 4.969000000000003
207 4.992000000000003
208 5.016000000000003
209 5.040000000000003
210 5.064000000000003
211 5.088000000000003
212 5.112000000000003
213 5.136000000000003
214 5.160000000000003
215 5.184000000000003
216 5.208000000000003
217 5.232000000000003
218 5.256000000000003
219 5.280000000000003
220 5.304000000000003
221 5.328000000000003
222 5.351000000000003
223 5.375000000000003
224 5.399000000000003
225 5.423000000000003
226 5.447000000000003
227 5.471000000000003
228 5.495000000000003
229 5.519000000000003
230 5.543000000000003
231 5.567000000000003
232 5.591000000000003
233 5.615000000000003
234 5.639000000000003
235 5.663000000000003
236 5.687000000000003
237 5.711000000000003
238 5.735000000000003
239 5.759000000000003
240 5.783000000000003
241 5.807000000000003
242 5.831000000000003
243 5.855000000000003
244 5.879000000000003
245 5.903000000000003
246 5.927000000000003
247 5.951000000000003
248 5.975000000000003
249 5.999000000000003
250 6.023000000000003
251 6.047000000000003
252 6.071000000000003
253 6.095000000000003
254 6.119000000000003
255 6.143000000000003
256 6.167000000000003
257 6.191000000000003
258 6.215000000000003
259 6.239000000000003
260 6.2630000000000035
261 6.2870000000000035
262 6.3110000000000035
263 6.3350000000000035
264 6.3590000000000035
265 6.383000000000004
266 6.407000000000004
267 6.431000000000004
268 6.455000000000004
269 6.479000000000004
270 6.503000000000004
271 6.527000000000004
272 6.551000000000004
273 6.575000000000004
274 6.599000000000004
275 6.623000000000004
276 6.647000000000004
277 6.671000000000004
278 6.695000000000004
279 6.719000000000004
280 6.743000000000004
281 6.767000000000004
282 6.791000000000004
283 6.815000000000004
284 6.839000000000004
285 6.863000000000004
286 6.887000000000004
287 6.911000000000004
288 6.935000000000004
289 6.959000000000004
290 6.983000000000004
291 7.007000000000004
292 7.031000000000004
293 7.055000000000004
294 7.079000000000004
295 7.103000000000004
296 7.127000000000004
297 7.151000000000004
298 7.177000000000004
299 7.202000000000004
300 7.226000000000004
301 7.250000000000004
302 7.2740000000000045
303 7.2980000000000045
304 7.3220000000000045
305 7.3460000000000045
306 7.3700000000000045
307 7.394000000000005
308 7.418000000000005
309 7.442000000000005
310 7.466000000000005
311 7.490000000000005
312 7.514000000000005
313 7.538000000000005
314 7.562000000000005
315 7.586000000000005
316 7.610000000000005
317 7.634000000000005
318 7.658000000000005
319 7.682000000000005
320 7.706000000000005
321 7.730000000000005
322 7.754000000000005
323 7.778000000000005
324 7.802000000000005
325 7.826000000000005
326 7.850000000000005
327 7.874000000000005
328 7.898000000000005
329 7.922000000000005
330 7.946000000000005
331 7.970000000000005
332 7.994000000000005
333 8.018000000000004
334 8.042000000000003
335 8.066000000000003
336 8.090000000000002
337 8.114
338 8.138
339 8.161999999999999
340 8.185999999999998
341 8.209999999999997
342 8.233999999999996
343 8.256999999999996
344 8.280999999999995
345 8.304999999999994
346 8.328999999999994
347 8.352999999999993
348 8.376999999999992
349 8.400999999999991
350 8.42399999999999
351 8.44699999999999
352 8.47099999999999
353 8.494999999999989
354 8.518999999999988
355 8.542999999999987
356 8.566999999999986
357 8.590999999999985
358 8.614999999999984
359 8.638999999999983
360 8.662999999999982
361 8.686999999999982
362 8.709999999999981
363 8.732999999999981
364 8.75699999999998
365 8.78099999999998
366 8.804999999999978
367 8.828999999999978
368 8.852999999999977
369 8.876999999999976
370 8.900999999999975
371 8.924999999999974
372 8.948999999999973
373 8.972999999999972
374 8.995999999999972
375 9.019999999999971
376 9.04299999999997
377 9.06599999999997
378 9.08999999999997
379 9.113999999999969
380 9.137999999999968
381 9.161999999999967
382 9.185999999999966
383 9.208999999999966
384 9.232999999999965
385 9.256999999999964
386 9.280999999999963
387 9.304999999999962
388 9.328999999999962
389 9.35299999999996
390 9.37699999999996
391 9.400999999999959
392 9.424999999999958
393 9.448999999999957
394 9.471999999999957
395 9.494999999999957
396 9.518999999999956
397 9.541999999999955
398 9.565999999999955
399 9.589999999999954
400 9.613999999999953
401 9.637999999999952
402 9.661999999999951
403 9.68599999999995
404 9.70999999999995
405 9.732999999999949
406 9.756999999999948
407 9.780999999999947
408 9.804999999999946
409 9.828999999999946
410 9.852999999999945
411 9.875999999999944
412 9.899999999999944
413 9.923999999999943
414 9.948999999999943
415 9.972999999999942
416 9.996999999999941
417 10.02099999999994
418 10.04499999999994
419 10.068999999999939
420 10.092999999999938
421 10.116999999999937
422 10.140999999999936
423 10.164999999999935
424 10.188999999999934
425 10.212999999999933
426 10.236999999999933
427 10.260999999999932
428 10.28499999999993
429 10.30799999999993
430 10.33199999999993
431 10.355999999999929
432 10.379999999999928
433 10.403999999999927
434 10.427999999999926
435 10.451999999999925
436 10.475999999999924
437 10.499999999999924
438 10.523999999999923
439 10.547999999999922
440 10.571999999999921
441 10.59599999999992
442 10.61999999999992
443 10.643999999999918
444 10.667999999999918
445 10.691999999999917
446 10.715999999999916
447 10.739999999999915
448 10.763999999999914
449 10.787999999999913
450 10.811999999999912
451 10.835999999999911
452 10.85999999999991
453 10.88399999999991
454 10.907999999999909
455 10.930999999999909
456 10.954999999999908
457 10.978999999999907
458 11.002999999999906
459 11.026999999999905
460 11.050999999999904
461 11.074999999999903
462 11.098999999999902
463 11.122999999999902
464 11.1469999999999
465 11.1709999999999
466 11.194999999999899
467 11.220999999999899
468 11.244999999999898
469 11.268999999999897
470 11.292999999999896
471 11.316999999999895
472 11.342999999999895
473 11.366999999999894
474 11.390999999999893
475 11.415999999999894
476 11.440999999999894
477 11.464999999999893
478 11.488999999999892
479 11.517999999999892
480 11.542999999999893
481 11.567999999999893
482 11.591999999999892
483 11.615999999999891
484 11.63999999999989
485 11.66399999999989
486 11.687999999999889
487 11.711999999999888
488 11.735999999999887
489 11.759999999999886
490 11.783999999999885
491 11.807999999999884
492 11.831999999999883
493 11.855999999999883
494 11.879999999999882
495 11.903999999999881
496 11.92799999999988
497 11.95199999999988
498 11.975999999999878
499 11.999999999999877
