0 0.089
1 0.16699999999999998
2 0.246
3 0.324
4 0.403
5 0.48100000000000004
6 0.559
7 0.637
8 0.715
9 0.7929999999999999
10 0.8719999999999999
11 0.9499999999999998
12 1.0279999999999998
13 1.1059999999999999
14 1.184
15 1.263
16 1.341
17 1.419
18 1.497
19 1.5750000000000002
20 1.6530000000000002
21 1.7320000000000002
22 1.8100000000000003
23 1.8880000000000003
24 1.9670000000000003
25 2.0460000000000003
26 2.124
27 2.202
28 2.28
29 2.3579999999999997
30 2.437
31 2.5149999999999997
32 2.5929999999999995
33 2.6719999999999997
34 2.7499999999999996
35 2.8279999999999994
36 2.9069999999999996
37 2.9849999999999994
38 3.0639999999999996
39 3.1419999999999995
40 3.2209999999999996
41 3.3
42 3.3779999999999997
43 3.4559999999999995
44 3.5339999999999994
45 3.6129999999999995
46 3.6919999999999997
47 3.7699999999999996
48 3.8489999999999998
49 3.9269999999999996
50 4.005
51 4.084
52 4.161
53 4.239
54 4.318
55 4.395
56 4.473
57 4.551
58 4.63
59 4.708
60 4.7860000000000005
61 4.865
62 4.9430000000000005
63 5.021000000000001
64 5.099000000000001
65 5.177000000000001
66 5.255000000000002
67 5.334000000000001
68 5.412000000000002
69 5.491000000000001
70 5.570000000000001
71 5.649000000000001
72 5.727000000000001
73 5.8050000000000015
74 5.884000000000001
75 5.9620000000000015
76 6.040000000000002
77 6.118000000000002
78 6.197000000000002
79 6.276000000000002
80 6.355000000000001
81 6.433000000000002
82 6.512000000000001
83 6.590000000000002
84 6.669000000000001
85 6.748000000000001
86 6.827000000000001
87 6.906000000000001
88 6.984000000000001
89 7.062000000000001
90 7.1400000000000015
91 7.218000000000002
92 7.296000000000002
93 7.375000000000002
94 7.453000000000002
95 7.531000000000002
96 7.609000000000003
97 7.687000000000003
98 7.766000000000003
99 7.844000000000003
100 7.922000000000003
101 8.001000000000003
102 8.079000000000002
103 8.158000000000003
104 8.237000000000004
105 8.315000000000003
106 8.394000000000004
107 8.473000000000004
108 8.551000000000004
109 8.630000000000004
110 8.708000000000004
111 8.787000000000004
112 8.865000000000004
113 8.943000000000003
114 9.021000000000003
115 9.100000000000003
116 9.178000000000003
117 9.256000000000002
118 9.334000000000001
119 9.412
120 9.49
121 9.569
122 9.647
123 9.725
124 9.802999999999999
125 9.880999999999998
126 9.958999999999998
127 10.036999999999997
128 10.114999999999997
129 10.192999999999996
130 10.269999999999996
131 10.347999999999995
132 10.426999999999996
133 10.504999999999995
134 10.582999999999995
135 10.661999999999995
136 10.739999999999995
137 10.817999999999994
138 10.895999999999994
139 10.973999999999993
140 11.054999999999993
141 11.131999999999993
142 11.209999999999992
143 11.288999999999993
144 11.366999999999992
145 11.445999999999993
146 11.524999999999993
147 11.602999999999993
148 11.681999999999993
149 11.759999999999993
150 11.837999999999992
151 11.915999999999991
152 11.992999999999991
153 12.07099999999999
154 12.14899999999999
155 12.22799999999999
156 12.30599999999999
157 12.38399999999999
158 12.461999999999989
159 12.539999999999988
160 12.617999999999988
161 12.695999999999987
162 12.773999999999987
163 12.851999999999986
164 12.929999999999986
165 13.007999999999985
166 13.085999999999984
167 13.163999999999984
168 13.241999999999983
169 13.320999999999984
170 13.398999999999983
171 13.476999999999983
172 13.554999999999982
173 13.633999999999983
174 13.712999999999983
175 13.790999999999983
176 13.868999999999982
177 13.946999999999981
178 14.02499999999998
179 14.10299999999998
180 14.18099999999998
181 14.258999999999979
182 14.33799999999998
183 14.415999999999979
184 14.49499999999998
185 14.572999999999979
186 14.65199999999998
187 14.729999999999979
188 14.807999999999979
189 14.885999999999978
190 14.963999999999977
191 15.041999999999977
192 15.120999999999977
193 15.198999999999977
194 15.276999999999976
195 15.354999999999976
196 15.432999999999975
197 15.510999999999974
198 15.588999999999974
199 15.666999999999973
200 15.744999999999973
201 15.822999999999972
202 15.900999999999971
203 15.97899999999997
204 16.05999999999997
205 16.13799999999997
206 16.21599999999997
207 16.29399999999997
208 16.37299999999997
209 16.45199999999997
210 16.52999999999997
211 16.60799999999997
212 16.685999999999968
213 16.763999999999967
214 16.841999999999967
215 16.919999999999966
216 16.997999999999966
217 17.076999999999966
218 17.154999999999966
219 17.231999999999967
220 17.309999999999967
221 17.387999999999966
222 17.465999999999966
223 17.543999999999965
224 17.622999999999966
225 17.700999999999965
226 17.778999999999964
227 17.856999999999964
228 17.934999999999963
229 18.012999999999963
230 18.091999999999963
231 18.170999999999964
232 18.248999999999963
233 18.326999999999963
234 18.404999999999962
235 18.48299999999996
236 18.56099999999996
237 18.63899999999996
238 18.71799999999996
239 18.79699999999996
240 18.87499999999996
241 18.95299999999996
242 19.03099999999996
243 19.10899999999996
244 19.18799999999996
245 19.26599999999996
246 19.34399999999996
247 19.421999999999958
248 19.499999999999957
249 19.578999999999958
250 19.656999999999957
251 19.735999999999958
252 19.81499999999996
253 19.89399999999996
254 19.97299999999996
255 20.05099999999996
256 20.12899999999996
257 20.20799999999996
258 20.28599999999996
259 20.363999999999958
260 20.441999999999958
261 20.519999999999957
262 20.597999999999956
263 20.675999999999956
264 20.753999999999955
265 20.831999999999955
266 20.909999999999954
267 20.987999999999953
268 21.066999999999954
269 21.143999999999956
270 21.221999999999955
271 21.299999999999955
272 21.378999999999955
273 21.455999999999957
274 21.533999999999956
275 21.611999999999956
276 21.689999999999955
277 21.767999999999954
278 21.845999999999954
279 21.923999999999953
280 22.001999999999953
281 22.079999999999952
282 22.164999999999953
283 22.243999999999954
284 22.321999999999953
285 22.399999999999952
286 22.477999999999952
287 22.556999999999952
288 22.634999999999952
289 22.713999999999952
290 22.792999999999953
291 22.871999999999954
292 22.949999999999953
293 23.027999999999953
294 23.105999999999952
295 23.18399999999995
296 23.26199999999995
297 23.33999999999995
298 23.41899999999995
299 23.495999999999952
300 23.573999999999952
301 23.65199999999995
302 23.730999999999952
303 23.80899999999995
304 23.887999999999952
305 23.96599999999995
306 24.04399999999995
307 24.12199999999995
308 24.19999999999995
309 24.27799999999995
310 24.35499999999995
311 24.43399999999995
312 24.51199999999995
313 24.58999999999995
314 24.66799999999995
315 24.74599999999995
316 24.82499999999995
317 24.90299999999995
318 24.98199999999995
319 25.05999999999995
320 25.13799999999995
321 25.21699999999995
322 25.29499999999995
323 25.37199999999995
324 25.44999999999995
325 25.52799999999995
326 25.60599999999995
327 25.683999999999948
328 25.761999999999947
329 25.839999999999947
330 25.91699999999995
331 25.994999999999948
332 26.072999999999947
333 26.150999999999947
334 26.229999999999947
335 26.307999999999947
336 26.385999999999946
337 26.463999999999945
338 26.541999999999945
339 26.619999999999944
340 26.698999999999945
341 26.776999999999944
342 26.855999999999945
343 26.934999999999945
344 27.012999999999945
345 27.091999999999945
346 27.169999999999945
347 27.247999999999944
348 27.325999999999944
349 27.403999999999943
350 27.481999999999942
351 27.559999999999942
352 27.63799999999994
353 27.71599999999994
354 27.79499999999994
355 27.87299999999994
356 27.95099999999994
357 28.02999999999994
358 28.10899999999994
359 28.190999999999942
360 28.26899999999994
361 28.34699999999994
362 28.42499999999994
363 28.50299999999994
364 28.58099999999994
365 28.66299999999994
366 28.74399999999994
367 28.826999999999938
368 28.909999999999936
369 28.990999999999936
370 29.070999999999934
371 29.148999999999933
372 29.226999999999933
373 29.304999999999932
374 29.38299999999993
375 29.461999999999932
376 29.53999999999993
377 29.61999999999993
378 29.69799999999993
379 29.77899999999993
380 29.85799999999993
381 29.93699999999993
382 30.01499999999993
383 30.09299999999993
384 30.17099999999993
385 30.248999999999928
386 30.32799999999993
387 30.405999999999928
388 30.48499999999993
389 30.56399999999993
390 30.64199999999993
391 30.719999999999928
392 30.79899999999993
393 30.876999999999928
394 30.95599999999993
395 31.033999999999928
396 31.111999999999927
397 31.18899999999993
398 31.26699999999993
399 31.34399999999993
400 31.42299999999993
401 31.50099999999993
402 31.57899999999993
403 31.65699999999993
404 31.73499999999993
405 31.812999999999928
406 31.89199999999993
407 31.969999999999928
408 32.04899999999993
409 32.12699999999993
410 32.204999999999934
411 32.283999999999935
412 32.36199999999994
413 32.43999999999994
414 32.517999999999944
415 32.59599999999995
416 32.67399999999995
417 32.75099999999995
418 32.82899999999995
419 32.906999999999954
420 32.98499999999996
421 33.06299999999996
422 33.14099999999996
423 33.21799999999996
424 33.295999999999964
425 33.37399999999997
426 33.45199999999997
427 33.52999999999997
428 33.607999999999976
429 33.68599999999998
430 33.76399999999998
431 33.841999999999985
432 33.91899999999998
433 33.996999999999986
434 34.07499999999999
435 34.15299999999999
436 34.23199999999999
437 34.309999999999995
438 34.388
439 34.466
440 34.544000000000004
441 34.62200000000001
442 34.70000000000001
443 34.77800000000001
444 34.856000000000016
445 34.93400000000002
446 35.01200000000002
447 35.090000000000025
448 35.16800000000003
449 35.245000000000026
450 35.322000000000024
451 35.40000000000003
452 35.47800000000003
453 35.55600000000003
454 35.634000000000036
455 35.71300000000004
456 35.79100000000004
457 35.86900000000004
458 35.947000000000045
459 36.02500000000005
460 36.10300000000005
461 36.181000000000054
462 36.25900000000006
463 36.33800000000006
464 36.41600000000006
465 36.494000000000064
466 36.573000000000064
467 36.65100000000007
468 36.72900000000007
469 36.80700000000007
470 36.885000000000076
471 36.96400000000008
472 37.04200000000008
473 37.12000000000008
474 37.198000000000086
475 37.27600000000009
476 37.35400000000009
477 37.432000000000095
478 37.5100000000001
479 37.5880000000001
480 37.6660000000001
481 37.744000000000106
482 37.82300000000011
483 37.90200000000011
484 37.98000000000011
485 38.05800000000011
486 38.13600000000012
487 38.21400000000012
488 38.29200000000012
489 38.370000000000125
490 38.44800000000013
491 38.52700000000013
492 38.60500000000013
493 38.683000000000135
494 38.76100000000014
495 38.83900000000014
496 38.917000000000144
497 38.99500000000015
498 39.07300000000015
499 39.15200000000015
