0 0.004
1 0.009000000000000001
2 0.013000000000000001
3 0.016
4 0.02
5 0.031
6 0.038
7 0.041
8 0.045
9 0.049999999999999996
10 0.053
11 0.056999999999999995
12 0.061
13 0.064
14 0.068
15 0.07300000000000001
16 0.07700000000000001
17 0.08000000000000002
18 0.08500000000000002
19 0.09000000000000002
20 0.09300000000000003
21 0.09700000000000003
22 0.10100000000000003
23 0.10400000000000004
24 0.10800000000000004
25 0.11200000000000004
26 0.11500000000000005
27 0.11900000000000005
28 0.12200000000000005
29 0.12500000000000006
30 0.12900000000000006
31 0.13200000000000006
32 0.13600000000000007
33 0.13900000000000007
34 0.14200000000000007
35 0.14600000000000007
36 0.14900000000000008
37 0.15200000000000008
38 0.15600000000000008
39 0.15900000000000009
40 0.1630000000000001
41 0.1660000000000001
42 0.1690000000000001
43 0.1730000000000001
44 0.1770000000000001
45 0.1800000000000001
46 0.1840000000000001
47 0.1870000000000001
48 0.19100000000000011
49 0.19400000000000012
50 0.19700000000000012
51 0.20000000000000012
52 0.20300000000000012
53 0.20700000000000013
54 0.21100000000000013
55 0.21400000000000013
56 0.21700000000000014
57 0.22000000000000014
58 0.22300000000000014
59 0.22700000000000015
60 0.23100000000000015
61 0.23400000000000015
62 0.23700000000000015
63 0.24000000000000016
64 0.24400000000000016
65 0.24700000000000016
66 0.25000000000000017
67 0.25300000000000017
68 0.25600000000000017
69 0.2600000000000002
70 0.2640000000000002
71 0.2670000000000002
72 0.2700000000000002
73 0.2730000000000002
74 0.2770000000000002
75 0.2800000000000002
76 0.2850000000000002
77 0.2900000000000002
78 0.2930000000000002
79 0.2960000000000002
80 0.2990000000000002
81 0.3030000000000002
82 0.3060000000000002
83 0.3090000000000002
84 0.3130000000000002
85 0.3160000000000002
86 0.32000000000000023
87 0.32400000000000023
88 0.32700000000000023
89 0.33100000000000024
90 0.33500000000000024
91 0.33800000000000024
92 0.34200000000000025
93 0.34500000000000025
94 0.34900000000000025
95 0.35300000000000026
96 0.35600000000000026
97 0.36000000000000026
98 0.36400000000000027
99 0.36700000000000027
100 0.3710000000000003
101 0.3750000000000003
102 0.3780000000000003
103 0.3820000000000003
104 0.3860000000000003
105 0.3890000000000003
106 0.3930000000000003
107 0.3960000000000003
108 0.4000000000000003
109 0.4040000000000003
110 0.4070000000000003
111 0.4110000000000003
112 0.4150000000000003
113 0.4180000000000003
114 0.4220000000000003
115 0.4260000000000003
116 0.4290000000000003
117 0.43300000000000033
118 0.43600000000000033
119 0.43900000000000033
120 0.44300000000000034
121 0.44700000000000034
122 0.45000000000000034
123 0.45300000000000035
124 0.45600000000000035
125 0.46000000000000035
126 0.46300000000000036
127 0.46600000000000036
128 0.47000000000000036
129 0.47300000000000036
130 0.47700000000000037
131 0.48100000000000037
132 0.4840000000000004
133 0.4880000000000004
134 0.4910000000000004
135 0.4940000000000004
136 0.4980000000000004
137 0.5010000000000003
138 0.5040000000000003
139 0.5070000000000003
140 0.5100000000000003
141 0.5130000000000003
142 0.5160000000000003
143 0.5190000000000003
144 0.5220000000000004
145 0.5250000000000004
146 0.5280000000000004
147 0.5320000000000004
148 0.5350000000000004
149 0.5380000000000004
150 0.5420000000000004
151 0.5460000000000004
152 0.5490000000000004
153 0.5520000000000004
154 0.5550000000000004
155 0.5600000000000004
156 0.5640000000000004
157 0.5670000000000004
158 0.5710000000000004
159 0.5750000000000004
160 0.5780000000000004
161 0.5820000000000004
162 0.5850000000000004
163 0.5890000000000004
164 0.5930000000000004
165 0.5960000000000004
166 0.6000000000000004
167 0.6040000000000004
168 0.6070000000000004
169 0.6110000000000004
170 0.6150000000000004
171 0.6180000000000004
172 0.6210000000000004
173 0.6250000000000004
174 0.6290000000000004
175 0.6330000000000005
176 0.6360000000000005
177 0.6400000000000005
178 0.6440000000000005
179 0.6470000000000005
180 0.6510000000000005
181 0.6550000000000005
182 0.6580000000000005
183 0.6620000000000005
184 0.6660000000000005
185 0.6690000000000005
186 0.6740000000000005
187 0.6780000000000005
188 0.6810000000000005
189 0.6850000000000005
190 0.6890000000000005
191 0.6920000000000005
192 0.6960000000000005
193 0.7000000000000005
194 0.7030000000000005
195 0.7070000000000005
196 0.7100000000000005
197 0.7140000000000005
198 0.7180000000000005
199 0.7210000000000005
200 0.7250000000000005
201 0.7280000000000005
202 0.7310000000000005
203 0.7340000000000005
204 0.7370000000000005
205 0.7400000000000005
206 0.7440000000000005
207 0.7470000000000006
208 0.7510000000000006
209 0.7540000000000006
210 0.7570000000000006
211 0.7610000000000006
212 0.7640000000000006
213 0.7670000000000006
214 0.7700000000000006
215 0.7730000000000006
216 0.7760000000000006
217 0.7790000000000006
218 0.7820000000000006
219 0.7850000000000006
220 0.7890000000000006
221 0.7930000000000006
222 0.7960000000000006
223 0.8000000000000006
224 0.8040000000000006
225 0.8070000000000006
226 0.8100000000000006
227 0.8140000000000006
228 0.8170000000000006
229 0.8210000000000006
230 0.8240000000000006
231 0.8280000000000006
232 0.8320000000000006
233 0.8350000000000006
234 0.8390000000000006
235 0.8420000000000006
236 0.8450000000000006
237 0.8480000000000006
238 0.8510000000000006
239 0.8550000000000006
240 0.8580000000000007
241 0.8620000000000007
242 0.8650000000000007
243 0.8680000000000007
244 0.8720000000000007
245 0.8760000000000007
246 0.8790000000000007
247 0.8830000000000007
248 0.8860000000000007
249 0.8910000000000007
250 0.8950000000000007
251 0.8990000000000007
252 0.9020000000000007
253 0.9060000000000007
254 0.9090000000000007
255 0.9120000000000007
256 0.9160000000000007
257 0.9190000000000007
258 0.9220000000000007
259 0.9260000000000007
260 0.9300000000000007
261 0.9330000000000007
262 0.9370000000000007
263 0.9400000000000007
264 0.9430000000000007
265 0.9460000000000007
266 0.9490000000000007
267 0.9540000000000007
268 0.9570000000000007
269 0.9600000000000007
270 0.9640000000000007
271 0.9670000000000007
272 0.9710000000000008
273 0.9750000000000008
274 0.9780000000000008
275 0.9810000000000008
276 0.9840000000000008
277 0.9870000000000008
278 0.9900000000000008
279 0.9930000000000008
280 0.9960000000000008
281 0.9990000000000008
282 1.0030000000000008
283 1.0070000000000008
284 1.0110000000000008
285 1.0150000000000008
286 1.0190000000000008
287 1.0220000000000007
288 1.0260000000000007
289 1.0300000000000007
290 1.0330000000000006
291 1.0370000000000006
292 1.0400000000000005
293 1.0440000000000005
294 1.0480000000000005
295 1.0510000000000004
296 1.0550000000000004
297 1.0590000000000004
298 1.0620000000000003
299 1.0660000000000003
300 1.0690000000000002
301 1.072
302 1.076
303 1.079
304 1.083
305 1.087
306 1.0899999999999999
307 1.0939999999999999
308 1.0979999999999999
309 1.1009999999999998
310 1.1049999999999998
311 1.1079999999999997
312 1.1109999999999995
313 1.1149999999999995
314 1.1179999999999994
315 1.1219999999999994
316 1.1249999999999993
317 1.1279999999999992
318 1.1319999999999992
319 1.1349999999999991
320 1.1389999999999991
321 1.1429999999999991
322 1.145999999999999
323 1.148999999999999
324 1.1519999999999988
325 1.1549999999999987
326 1.1589999999999987
327 1.1619999999999986
328 1.1649999999999985
329 1.1679999999999984
330 1.1709999999999983
331 1.1749999999999983
332 1.1779999999999982
333 1.180999999999998
334 1.183999999999998
335 1.187999999999998
336 1.191999999999998
337 1.1949999999999978
338 1.1979999999999977
339 1.2009999999999976
340 1.2049999999999976
341 1.2089999999999976
342 1.2119999999999975
343 1.2149999999999974
344 1.2179999999999973
345 1.2209999999999972
346 1.223999999999997
347 1.227999999999997
348 1.231999999999997
349 1.235999999999997
350 1.238999999999997
351 1.2419999999999969
352 1.2459999999999969
353 1.2529999999999968
354 1.2569999999999968
355 1.2609999999999968
356 1.2649999999999968
357 1.2679999999999967
358 1.2719999999999967
359 1.2779999999999967
360 1.2819999999999967
361 1.2849999999999966
362 1.2889999999999966
363 1.2919999999999965
364 1.2959999999999965
365 1.2999999999999965
366 1.3029999999999964
367 1.3069999999999964
368 1.3109999999999964
369 1.3139999999999963
370 1.3179999999999963
371 1.3219999999999963
372 1.3259999999999963
373 1.3299999999999963
374 1.3329999999999962
375 1.3369999999999962
376 1.3409999999999962
377 1.343999999999996
378 1.347999999999996
379 1.351999999999996
380 1.354999999999996
381 1.358999999999996
382 1.3619999999999959
383 1.3649999999999958
384 1.3689999999999958
385 1.3719999999999957
386 1.3759999999999957
387 1.3799999999999957
388 1.3829999999999956
389 1.3859999999999955
390 1.3899999999999955
391 1.3929999999999954
392 1.3969999999999954
393 1.3999999999999952
394 1.4029999999999951
395 1.4069999999999951
396 1.409999999999995
397 1.412999999999995
398 1.416999999999995
399 1.4199999999999948
400 1.4239999999999948
401 1.4279999999999948
402 1.4309999999999947
403 1.4339999999999946
404 1.4379999999999946
405 1.4419999999999946
406 1.4449999999999945
407 1.4489999999999945
408 1.4519999999999944
409 1.4549999999999943
410 1.4579999999999942
411 1.460999999999994
412 1.464999999999994
413 1.468999999999994
414 1.472999999999994
415 1.475999999999994
416 1.4789999999999939
417 1.4829999999999939
418 1.4859999999999938
419 1.4899999999999938
420 1.4929999999999937
421 1.4959999999999936
422 1.4989999999999934
423 1.5019999999999933
424 1.5049999999999932
425 1.5079999999999931
426 1.5119999999999931
427 1.514999999999993
428 1.517999999999993
429 1.5209999999999928
430 1.5239999999999927
431 1.5269999999999926
432 1.5299999999999925
433 1.5329999999999924
434 1.5359999999999923
435 1.5389999999999922
436 1.541999999999992
437 1.544999999999992
438 1.548999999999992
439 1.552999999999992
440 1.556999999999992
441 1.5599999999999918
442 1.5639999999999918
443 1.5679999999999918
444 1.5719999999999918
445 1.5789999999999917
446 1.5849999999999917
447 1.5989999999999918
448 1.6039999999999917
449 1.6089999999999915
450 1.6139999999999914
451 1.6179999999999914
452 1.6219999999999914
453 1.6249999999999913
454 1.6289999999999913
455 1.6319999999999912
456 1.6349999999999911
457 1.6389999999999911
458 1.641999999999991
459 1.644999999999991
460 1.648999999999991
461 1.6519999999999908
462 1.6559999999999908
463 1.6589999999999907
464 1.6619999999999906
465 1.6649999999999905
466 1.6679999999999904
467 1.6709999999999903
468 1.6739999999999902
469 1.6779999999999902
470 1.6819999999999902
471 1.68499999999999
472 1.68799999999999
473 1.6909999999999898
474 1.6939999999999897
475 1.6969999999999896
476 1.6999999999999895
477 1.7029999999999894
478 1.7059999999999893
479 1.7089999999999892
480 1.711999999999989
481 1.714999999999989
482 1.7179999999999889
483 1.7209999999999888
484 1.7239999999999887
485 1.7269999999999885
486 1.7299999999999884
487 1.7329999999999883
488 1.7369999999999883
489 1.7399999999999882
490 1.7429999999999881
491 1.745999999999988
492 1.748999999999988
493 1.7519999999999878
494 1.7559999999999878
495 1.7599999999999878
496 1.7629999999999877
497 1.7669999999999877
498 1.7709999999999877
499 1.7739999999999876
