0 0.007
1 0.011
2 0.017
3 0.021
4 0.024
5 0.027
6 0.03
7 0.033
8 0.036000000000000004
9 0.03900000000000001
10 0.04200000000000001
11 0.04500000000000001
12 0.048000000000000015
13 0.05100000000000002
14 0.056000000000000015
15 0.06500000000000002
16 0.06900000000000002
17 0.07300000000000002
18 0.07700000000000003
19 0.08100000000000003
20 0.08400000000000003
21 0.08900000000000004
22 0.09300000000000004
23 0.09700000000000004
24 0.10100000000000005
25 0.10400000000000005
26 0.10900000000000006
27 0.11300000000000006
28 0.11900000000000006
29 0.12700000000000006
30 0.13000000000000006
31 0.13600000000000007
32 0.14000000000000007
33 0.14700000000000008
34 0.15100000000000008
35 0.15700000000000008
36 0.1610000000000001
37 0.1640000000000001
38 0.1710000000000001
39 0.1740000000000001
40 0.1780000000000001
41 0.1820000000000001
42 0.1860000000000001
43 0.19900000000000012
44 0.20600000000000013
45 0.21000000000000013
46 0.21400000000000013
47 0.21800000000000014
48 0.22100000000000014
49 0.22800000000000015
50 0.23100000000000015
51 0.23500000000000015
52 0.24200000000000016
53 0.24500000000000016
54 0.24800000000000016
55 0.25500000000000017
56 0.2600000000000002
57 0.2740000000000002
58 0.2800000000000002
59 0.2840000000000002
60 0.2870000000000002
61 0.2900000000000002
62 0.2940000000000002
63 0.2980000000000002
64 0.3020000000000002
65 0.3060000000000002
66 0.3100000000000002
67 0.3140000000000002
68 0.3170000000000002
69 0.32100000000000023
70 0.32500000000000023
71 0.33000000000000024
72 0.33500000000000024
73 0.34000000000000025
74 0.34400000000000025
75 0.35000000000000026
76 0.35300000000000026
77 0.35600000000000026
78 0.35900000000000026
79 0.36200000000000027
80 0.36500000000000027
81 0.36800000000000027
82 0.3710000000000003
83 0.3740000000000003
84 0.3770000000000003
85 0.3800000000000003
86 0.3830000000000003
87 0.3860000000000003
88 0.3890000000000003
89 0.3950000000000003
90 0.3990000000000003
91 0.4030000000000003
92 0.4070000000000003
93 0.4110000000000003
94 0.4150000000000003
95 0.4180000000000003
96 0.4220000000000003
97 0.4290000000000003
98 0.43200000000000033
99 0.43500000000000033
100 0.43900000000000033
101 0.44200000000000034
102 0.44500000000000034
103 0.44800000000000034
104 0.45200000000000035
105 0.45500000000000035
106 0.45800000000000035
107 0.46100000000000035
108 0.46400000000000036
109 0.46700000000000036
110 0.47000000000000036
111 0.47300000000000036
112 0.47600000000000037
113 0.47900000000000037
114 0.4820000000000004
115 0.4850000000000004
116 0.4880000000000004
117 0.4910000000000004
118 0.4940000000000004
119 0.4970000000000004
120 0.5010000000000003
121 0.5050000000000003
122 0.5080000000000003
123 0.5110000000000003
124 0.5200000000000004
125 0.5240000000000004
126 0.5270000000000004
127 0.5300000000000004
128 0.5330000000000004
129 0.5360000000000004
130 0.5390000000000004
131 0.5420000000000004
132 0.5450000000000004
133 0.5510000000000004
134 0.5550000000000004
135 0.5590000000000004
136 0.5660000000000004
137 0.5710000000000004
138 0.5760000000000004
139 0.5810000000000004
140 0.5880000000000004
141 0.5920000000000004
142 0.5990000000000004
143 0.6030000000000004
144 0.6070000000000004
145 0.6110000000000004
146 0.6170000000000004
147 0.6210000000000004
148 0.6240000000000004
149 0.6270000000000004
150 0.6300000000000004
151 0.6330000000000005
152 0.6360000000000005
153 0.6390000000000005
154 0.6420000000000005
155 0.6450000000000005
156 0.6480000000000005
157 0.6510000000000005
158 0.6540000000000005
159 0.6570000000000005
160 0.6600000000000005
161 0.6630000000000005
162 0.6720000000000005
163 0.6750000000000005
164 0.6790000000000005
165 0.6830000000000005
166 0.6870000000000005
167 0.6900000000000005
168 0.6940000000000005
169 0.6980000000000005
170 0.7010000000000005
171 0.7040000000000005
172 0.7070000000000005
173 0.7100000000000005
174 0.7130000000000005
175 0.7160000000000005
176 0.7190000000000005
177 0.7220000000000005
178 0.7250000000000005
179 0.7280000000000005
180 0.7310000000000005
181 0.7340000000000005
182 0.7370000000000005
183 0.7410000000000005
184 0.7450000000000006
185 0.7480000000000006
186 0.7510000000000006
187 0.7540000000000006
188 0.7570000000000006
189 0.7600000000000006
190 0.7630000000000006
191 0.7660000000000006
192 0.7690000000000006
193 0.7720000000000006
194 0.7750000000000006
195 0.7780000000000006
196 0.7810000000000006
197 0.7840000000000006
198 0.7870000000000006
199 0.7900000000000006
200 0.7930000000000006
201 0.7960000000000006
202 0.7990000000000006
203 0.8020000000000006
204 0.8050000000000006
205 0.8080000000000006
206 0.8110000000000006
207 0.8140000000000006
208 0.8170000000000006
209 0.8200000000000006
210 0.8230000000000006
211 0.8260000000000006
212 0.8290000000000006
213 0.8320000000000006
214 0.8350000000000006
215 0.8380000000000006
216 0.8410000000000006
217 0.8440000000000006
218 0.8470000000000006
219 0.8500000000000006
220 0.8530000000000006
221 0.8560000000000006
222 0.8590000000000007
223 0.8620000000000007
224 0.8650000000000007
225 0.8680000000000007
226 0.8710000000000007
227 0.8750000000000007
228 0.8780000000000007
229 0.8810000000000007
230 0.8840000000000007
231 0.8870000000000007
232 0.8900000000000007
233 0.8930000000000007
234 0.8960000000000007
235 0.8990000000000007
236 0.9020000000000007
237 0.9050000000000007
238 0.9080000000000007
239 0.9110000000000007
240 0.9140000000000007
241 0.9170000000000007
242 0.9200000000000007
243 0.9230000000000007
244 0.9260000000000007
245 0.9290000000000007
246 0.9320000000000007
247 0.9350000000000007
248 0.9380000000000007
249 0.9410000000000007
250 0.9440000000000007
251 0.9470000000000007
252 0.9500000000000007
253 0.9530000000000007
254 0.9560000000000007
255 0.9590000000000007
256 0.9620000000000007
257 0.9650000000000007
258 0.9680000000000007
259 0.9710000000000008
260 0.9740000000000008
261 0.9770000000000008
262 0.9800000000000008
263 0.9830000000000008
264 0.9860000000000008
265 0.9890000000000008
266 0.9920000000000008
267 0.9950000000000008
268 0.9980000000000008
269 1.0010000000000008
270 1.0040000000000007
271 1.0070000000000006
272 1.0100000000000005
273 1.0130000000000003
274 1.0160000000000002
275 1.0200000000000002
276 1.0240000000000002
277 1.0280000000000002
278 1.0320000000000003
279 1.0370000000000001
280 1.0410000000000001
281 1.0450000000000002
282 1.0490000000000002
283 1.0590000000000002
284 1.0650000000000002
285 1.074
286 1.078
287 1.083
288 1.0899999999999999
289 1.0949999999999998
290 1.1009999999999998
291 1.1059999999999997
292 1.1099999999999997
293 1.1139999999999997
294 1.1179999999999997
295 1.1219999999999997
296 1.1259999999999997
297 1.1299999999999997
298 1.1339999999999997
299 1.1379999999999997
300 1.1429999999999996
301 1.1469999999999996
302 1.1519999999999995
303 1.1569999999999994
304 1.1619999999999993
305 1.1659999999999993
306 1.1689999999999992
307 1.1729999999999992
308 1.175999999999999
309 1.178999999999999
310 1.1819999999999988
311 1.1859999999999988
312 1.1899999999999988
313 1.1929999999999987
314 1.1959999999999986
315 1.1999999999999986
316 1.2039999999999986
317 1.2079999999999986
318 1.2109999999999985
319 1.2149999999999985
320 1.2199999999999984
321 1.2349999999999983
322 1.2409999999999983
323 1.2469999999999983
324 1.2509999999999983
325 1.2539999999999982
326 1.2579999999999982
327 1.2619999999999982
328 1.2649999999999981
329 1.2689999999999981
330 1.2729999999999981
331 1.275999999999998
332 1.278999999999998
333 1.282999999999998
334 1.286999999999998
335 1.290999999999998
336 1.294999999999998
337 1.298999999999998
338 1.302999999999998
339 1.3059999999999978
340 1.3099999999999978
341 1.3129999999999977
342 1.3169999999999977
343 1.3209999999999977
344 1.3249999999999977
345 1.3309999999999977
346 1.3349999999999977
347 1.3389999999999977
348 1.3419999999999976
349 1.3459999999999976
350 1.3499999999999976
351 1.3529999999999975
352 1.3559999999999974
353 1.3589999999999973
354 1.3619999999999972
355 1.3659999999999972
356 1.3699999999999972
357 1.3729999999999971
358 1.375999999999997
359 1.378999999999997
360 1.382999999999997
361 1.386999999999997
362 1.390999999999997
363 1.3939999999999968
364 1.3979999999999968
365 1.4009999999999967
366 1.4039999999999966
367 1.4079999999999966
368 1.4109999999999965
369 1.4139999999999964
370 1.4169999999999963
371 1.4199999999999962
372 1.422999999999996
373 1.425999999999996
374 1.4289999999999958
375 1.4319999999999957
376 1.4349999999999956
377 1.4379999999999955
378 1.4409999999999954
379 1.4439999999999953
380 1.4469999999999952
381 1.449999999999995
382 1.452999999999995
383 1.4559999999999949
384 1.4589999999999947
385 1.4619999999999946
386 1.4649999999999945
387 1.4679999999999944
388 1.4709999999999943
389 1.4739999999999942
390 1.476999999999994
391 1.479999999999994
392 1.4829999999999939
393 1.4859999999999938
394 1.4899999999999938
395 1.4929999999999937
396 1.4959999999999936
397 1.4989999999999934
398 1.5019999999999933
399 1.5049999999999932
400 1.5079999999999931
401 1.510999999999993
402 1.513999999999993
403 1.5169999999999928
404 1.5199999999999927
405 1.5259999999999927
406 1.5289999999999926
407 1.5319999999999925
408 1.5359999999999925
409 1.5399999999999925
410 1.5429999999999924
411 1.5459999999999923
412 1.5489999999999922
413 1.5529999999999922
414 1.5569999999999922
415 1.5609999999999922
416 1.563999999999992
417 1.567999999999992
418 1.570999999999992
419 1.574999999999992
420 1.5779999999999919
421 1.5809999999999917
422 1.5849999999999917
423 1.5889999999999918
424 1.5919999999999916
425 1.5959999999999916
426 1.5999999999999917
427 1.6039999999999917
428 1.6069999999999915
429 1.6099999999999914
430 1.6129999999999913
431 1.6159999999999912
432 1.6189999999999911
433 1.621999999999991
434 1.624999999999991
435 1.6279999999999908
436 1.6309999999999907
437 1.6339999999999906
438 1.6369999999999905
439 1.6399999999999904
440 1.6429999999999902
441 1.6459999999999901
442 1.64899999999999
443 1.65199999999999
444 1.65599999999999
445 1.6589999999999898
446 1.6619999999999897
447 1.6659999999999897
448 1.6689999999999896
449 1.6729999999999896
450 1.6769999999999896
451 1.6809999999999896
452 1.6839999999999895
453 1.6879999999999895
454 1.6909999999999894
455 1.6939999999999893
456 1.6979999999999893
457 1.7009999999999892
458 1.7049999999999892
459 1.7089999999999892
460 1.711999999999989
461 1.714999999999989
462 1.718999999999989
463 1.722999999999989
464 1.726999999999989
465 1.730999999999989
466 1.7339999999999889
467 1.7379999999999889
468 1.741999999999989
469 1.7449999999999888
470 1.7489999999999888
471 1.7519999999999887
472 1.7559999999999887
473 1.7599999999999887
474 1.7639999999999887
475 1.7679999999999887
476 1.7719999999999887
477 1.7749999999999886
478 1.7789999999999886
479 1.7819999999999885
480 1.7859999999999885
481 1.7909999999999884
482 1.7939999999999883
483 1.7969999999999882
484 1.8009999999999882
485 1.803999999999988
486 1.807999999999988
487 1.811999999999988
488 1.814999999999988
489 1.8199999999999878
490 1.8239999999999879
491 1.8269999999999877
492 1.8309999999999877
493 1.8349999999999878
494 1.8379999999999876
495 1.8419999999999876
496 1.8449999999999875
497 1.8479999999999874
498 1.8519999999999874
499 1.8549999999999873
