0 0.003
1 0.007
2 0.011
3 0.013999999999999999
4 0.018
5 0.023
6 0.026
7 0.03
8 0.033
9 0.036000000000000004
10 0.03900000000000001
11 0.04200000000000001
12 0.04500000000000001
13 0.048000000000000015
14 0.05100000000000002
15 0.05400000000000002
16 0.05700000000000002
17 0.060000000000000026
18 0.06300000000000003
19 0.06600000000000003
20 0.06900000000000003
21 0.07200000000000004
22 0.07500000000000004
23 0.07900000000000004
24 0.08200000000000005
25 0.08500000000000005
26 0.08800000000000005
27 0.09100000000000005
28 0.09400000000000006
29 0.09700000000000006
30 0.10100000000000006
31 0.10400000000000006
32 0.10800000000000007
33 0.11100000000000007
34 0.11400000000000007
35 0.11700000000000008
36 0.12000000000000008
37 0.12300000000000008
38 0.12600000000000008
39 0.1290000000000001
40 0.1320000000000001
41 0.1350000000000001
42 0.1380000000000001
43 0.1410000000000001
44 0.1440000000000001
45 0.1470000000000001
46 0.1500000000000001
47 0.1530000000000001
48 0.1560000000000001
49 0.1590000000000001
50 0.16200000000000012
51 0.16500000000000012
52 0.16800000000000012
53 0.17100000000000012
54 0.17400000000000013
55 0.17700000000000013
56 0.18000000000000013
57 0.18300000000000013
58 0.18600000000000014
59 0.18900000000000014
60 0.19200000000000014
61 0.19500000000000015
62 0.19800000000000015
63 0.20100000000000015
64 0.20400000000000015
65 0.20700000000000016
66 0.21000000000000016
67 0.21300000000000016
68 0.21600000000000016
69 0.21900000000000017
70 0.22200000000000017
71 0.22500000000000017
72 0.22800000000000017
73 0.23100000000000018
74 0.23400000000000018
75 0.23700000000000018
76 0.24000000000000019
77 0.2430000000000002
78 0.2460000000000002
79 0.2490000000000002
80 0.25200000000000017
81 0.25500000000000017
82 0.2580000000000002
83 0.2610000000000002
84 0.2640000000000002
85 0.2670000000000002
86 0.2700000000000002
87 0.2730000000000002
88 0.2760000000000002
89 0.2800000000000002
90 0.2830000000000002
91 0.2860000000000002
92 0.2900000000000002
93 0.2950000000000002
94 0.2990000000000002
95 0.3040000000000002
96 0.3100000000000002
97 0.3140000000000002
98 0.3180000000000002
99 0.32100000000000023
100 0.32500000000000023
101 0.32900000000000024
102 0.33300000000000024
103 0.33700000000000024
104 0.34100000000000025
105 0.34500000000000025
106 0.34900000000000025
107 0.35300000000000026
108 0.35700000000000026
109 0.36100000000000027
110 0.36500000000000027
111 0.36900000000000027
112 0.3720000000000003
113 0.3760000000000003
114 0.3800000000000003
115 0.3830000000000003
116 0.3870000000000003
117 0.3910000000000003
118 0.4140000000000003
119 0.4170000000000003
120 0.4200000000000003
121 0.4230000000000003
122 0.4260000000000003
123 0.4290000000000003
124 0.43300000000000033
125 0.43600000000000033
126 0.43900000000000033
127 0.44200000000000034
128 0.44500000000000034
129 0.44800000000000034
130 0.45100000000000035
131 0.45400000000000035
132 0.45700000000000035
133 0.46000000000000035
134 0.46300000000000036
135 0.46600000000000036
136 0.46900000000000036
137 0.47200000000000036
138 0.47500000000000037
139 0.47800000000000037
140 0.48100000000000037
141 0.4840000000000004
142 0.4870000000000004
143 0.4900000000000004
144 0.4930000000000004
145 0.4960000000000004
146 0.4990000000000004
147 0.5020000000000003
148 0.5050000000000003
149 0.5080000000000003
150 0.5120000000000003
151 0.5150000000000003
152 0.5180000000000003
153 0.5210000000000004
154 0.5240000000000004
155 0.5280000000000004
156 0.5310000000000004
157 0.5340000000000004
158 0.5370000000000004
159 0.5400000000000004
160 0.5430000000000004
161 0.5460000000000004
162 0.5490000000000004
163 0.5520000000000004
164 0.5550000000000004
165 0.5580000000000004
166 0.5610000000000004
167 0.5640000000000004
168 0.5670000000000004
169 0.5700000000000004
170 0.5730000000000004
171 0.5760000000000004
172 0.5790000000000004
173 0.5820000000000004
174 0.5850000000000004
175 0.5880000000000004
176 0.5910000000000004
177 0.5940000000000004
178 0.5970000000000004
179 0.6000000000000004
180 0.6030000000000004
181 0.6060000000000004
182 0.6090000000000004
183 0.6120000000000004
184 0.6150000000000004
185 0.6180000000000004
186 0.6210000000000004
187 0.6240000000000004
188 0.6270000000000004
189 0.6300000000000004
190 0.6330000000000005
191 0.6360000000000005
192 0.6390000000000005
193 0.6420000000000005
194 0.6450000000000005
195 0.6480000000000005
196 0.6510000000000005
197 0.6540000000000005
198 0.6570000000000005
199 0.6600000000000005
200 0.6630000000000005
201 0.6660000000000005
202 0.6690000000000005
203 0.6720000000000005
204 0.6750000000000005
205 0.6780000000000005
206 0.6810000000000005
207 0.6840000000000005
208 0.6870000000000005
209 0.6900000000000005
210 0.6930000000000005
211 0.6960000000000005
212 0.6990000000000005
213 0.7020000000000005
214 0.7050000000000005
215 0.7080000000000005
216 0.7110000000000005
217 0.7140000000000005
218 0.7170000000000005
219 0.7200000000000005
220 0.7230000000000005
221 0.7260000000000005
222 0.7290000000000005
223 0.7320000000000005
224 0.7350000000000005
225 0.7380000000000005
226 0.7410000000000005
227 0.7440000000000005
228 0.7470000000000006
229 0.7500000000000006
230 0.7530000000000006
231 0.7560000000000006
232 0.7590000000000006
233 0.7620000000000006
234 0.7650000000000006
235 0.7680000000000006
236 0.7710000000000006
237 0.7740000000000006
238 0.7770000000000006
239 0.7800000000000006
240 0.7830000000000006
241 0.7860000000000006
242 0.7890000000000006
243 0.7920000000000006
244 0.7960000000000006
245 0.7990000000000006
246 0.8020000000000006
247 0.8050000000000006
248 0.8080000000000006
249 0.8110000000000006
250 0.8140000000000006
251 0.8170000000000006
252 0.8200000000000006
253 0.8230000000000006
254 0.8260000000000006
255 0.8290000000000006
256 0.8320000000000006
257 0.8350000000000006
258 0.8380000000000006
259 0.8410000000000006
260 0.8440000000000006
261 0.8470000000000006
262 0.8500000000000006
263 0.8530000000000006
264 0.8560000000000006
265 0.8590000000000007
266 0.8620000000000007
267 0.8650000000000007
268 0.8680000000000007
269 0.8710000000000007
270 0.8740000000000007
271 0.8770000000000007
272 0.8800000000000007
273 0.8830000000000007
274 0.8860000000000007
275 0.8890000000000007
276 0.8920000000000007
277 0.8950000000000007
278 0.8980000000000007
279 0.9010000000000007
280 0.9040000000000007
281 0.9070000000000007
282 0.9100000000000007
283 0.9130000000000007
284 0.9160000000000007
285 0.9190000000000007
286 0.9220000000000007
287 0.9250000000000007
288 0.9280000000000007
289 0.9310000000000007
290 0.9340000000000007
291 0.9370000000000007
292 0.9400000000000007
293 0.9430000000000007
294 0.9460000000000007
295 0.9490000000000007
296 0.9520000000000007
297 0.9550000000000007
298 0.9580000000000007
299 0.9610000000000007
300 0.9640000000000007
301 0.9670000000000007
302 0.9700000000000008
303 0.9730000000000008
304 0.9760000000000008
305 0.9800000000000008
306 0.9830000000000008
307 0.9860000000000008
308 0.9890000000000008
309 0.9920000000000008
310 0.9950000000000008
311 0.9980000000000008
312 1.0010000000000008
313 1.0040000000000007
314 1.0070000000000006
315 1.0100000000000005
316 1.0130000000000003
317 1.0160000000000002
318 1.0190000000000001
319 1.022
320 1.025
321 1.0279999999999998
322 1.0309999999999997
323 1.0339999999999996
324 1.0369999999999995
325 1.0399999999999994
326 1.0429999999999993
327 1.0459999999999992
328 1.048999999999999
329 1.051999999999999
330 1.0549999999999988
331 1.0579999999999987
332 1.0609999999999986
333 1.0639999999999985
334 1.0669999999999984
335 1.0699999999999983
336 1.0729999999999982
337 1.0769999999999982
338 1.079999999999998
339 1.083999999999998
340 1.086999999999998
341 1.0899999999999979
342 1.0929999999999978
343 1.0959999999999976
344 1.0989999999999975
345 1.1019999999999974
346 1.1049999999999973
347 1.1079999999999972
348 1.110999999999997
349 1.113999999999997
350 1.1169999999999969
351 1.1199999999999968
352 1.1229999999999967
353 1.1259999999999966
354 1.1289999999999965
355 1.1319999999999963
356 1.1349999999999962
357 1.1379999999999961
358 1.140999999999996
359 1.143999999999996
360 1.1469999999999958
361 1.1499999999999957
362 1.1529999999999956
363 1.1559999999999955
364 1.1589999999999954
365 1.1619999999999953
366 1.1649999999999952
367 1.167999999999995
368 1.170999999999995
369 1.1739999999999948
370 1.1769999999999947
371 1.1799999999999946
372 1.1829999999999945
373 1.1859999999999944
374 1.1889999999999943
375 1.1919999999999942
376 1.194999999999994
377 1.197999999999994
378 1.2009999999999939
379 1.2039999999999937
380 1.2069999999999936
381 1.2099999999999935
382 1.2129999999999934
383 1.2159999999999933
384 1.2189999999999932
385 1.221999999999993
386 1.224999999999993
387 1.2279999999999929
388 1.2309999999999928
389 1.2339999999999927
390 1.2369999999999925
391 1.2399999999999924
392 1.2429999999999923
393 1.2459999999999922
394 1.2489999999999921
395 1.251999999999992
396 1.254999999999992
397 1.2579999999999918
398 1.2609999999999917
399 1.2639999999999916
400 1.2679999999999916
401 1.2719999999999916
402 1.2749999999999915
403 1.2789999999999915
404 1.2819999999999914
405 1.2849999999999913
406 1.2879999999999912
407 1.290999999999991
408 1.293999999999991
409 1.2969999999999908
410 1.2999999999999907
411 1.3029999999999906
412 1.3059999999999905
413 1.3089999999999904
414 1.3119999999999903
415 1.3149999999999902
416 1.31799999999999
417 1.32099999999999
418 1.3239999999999899
419 1.3269999999999897
420 1.3299999999999896
421 1.3329999999999895
422 1.3359999999999894
423 1.3389999999999893
424 1.3419999999999892
425 1.344999999999989
426 1.347999999999989
427 1.3509999999999889
428 1.3539999999999888
429 1.3569999999999887
430 1.3599999999999886
431 1.3629999999999884
432 1.3659999999999883
433 1.3689999999999882
434 1.3719999999999881
435 1.374999999999988
436 1.377999999999988
437 1.3809999999999878
438 1.3839999999999877
439 1.3869999999999876
440 1.3899999999999875
441 1.3929999999999874
442 1.3959999999999873
443 1.3989999999999871
444 1.401999999999987
445 1.404999999999987
446 1.4079999999999868
447 1.4109999999999867
448 1.4139999999999866
449 1.4169999999999865
450 1.4199999999999864
451 1.4229999999999863
452 1.4259999999999862
453 1.428999999999986
454 1.431999999999986
455 1.4349999999999858
456 1.4379999999999857
457 1.4409999999999856
458 1.4439999999999855
459 1.4469999999999854
460 1.4499999999999853
461 1.4529999999999852
462 1.455999999999985
463 1.459999999999985
464 1.462999999999985
465 1.4659999999999849
466 1.4689999999999848
467 1.4719999999999847
468 1.4749999999999845
469 1.4779999999999844
470 1.4809999999999843
471 1.4839999999999842
472 1.4869999999999841
473 1.489999999999984
474 1.492999999999984
475 1.4959999999999838
476 1.4989999999999837
477 1.5019999999999836
478 1.5049999999999835
479 1.5079999999999834
480 1.5109999999999832
481 1.5139999999999831
482 1.516999999999983
483 1.519999999999983
484 1.5229999999999828
485 1.5259999999999827
486 1.5289999999999826
487 1.5319999999999825
488 1.5349999999999824
489 1.5379999999999823
490 1.5409999999999822
491 1.543999999999982
492 1.546999999999982
493 1.5499999999999818
494 1.5529999999999817
495 1.5559999999999816
496 1.5589999999999815
497 1.5619999999999814
498 1.5649999999999813
499 1.5679999999999812
