0 0.004
1 0.007
2 0.011
3 0.015
4 0.022
5 0.026
6 0.028999999999999998
7 0.032
8 0.035
9 0.03900000000000001
10 0.04300000000000001
11 0.04600000000000001
12 0.05000000000000002
13 0.05300000000000002
14 0.05600000000000002
15 0.060000000000000026
16 0.06300000000000003
17 0.06700000000000003
18 0.07100000000000004
19 0.07400000000000004
20 0.07700000000000004
21 0.08400000000000005
22 0.08900000000000005
23 0.09300000000000005
24 0.09700000000000006
25 0.10100000000000006
26 0.11000000000000006
27 0.11400000000000006
28 0.11800000000000006
29 0.12200000000000007
30 0.12500000000000006
31 0.12900000000000006
32 0.13200000000000006
33 0.13500000000000006
34 0.13900000000000007
35 0.14200000000000007
36 0.14600000000000007
37 0.14900000000000008
38 0.15200000000000008
39 0.15600000000000008
40 0.1600000000000001
41 0.1640000000000001
42 0.1690000000000001
43 0.1730000000000001
44 0.1770000000000001
45 0.1810000000000001
46 0.1850000000000001
47 0.1890000000000001
48 0.19300000000000012
49 0.19700000000000012
50 0.20100000000000012
51 0.20500000000000013
52 0.20900000000000013
53 0.21200000000000013
54 0.21600000000000014
55 0.21900000000000014
56 0.22300000000000014
57 0.22600000000000015
58 0.22900000000000015
59 0.23200000000000015
60 0.23500000000000015
61 0.23900000000000016
62 0.24300000000000016
63 0.24700000000000016
64 0.25100000000000017
65 0.25400000000000017
66 0.2580000000000002
67 0.2610000000000002
68 0.2650000000000002
69 0.2700000000000002
70 0.2730000000000002
71 0.2770000000000002
72 0.2810000000000002
73 0.2850000000000002
74 0.2880000000000002
75 0.2920000000000002
76 0.2960000000000002
77 0.3000000000000002
78 0.3040000000000002
79 0.3070000000000002
80 0.3110000000000002
81 0.3150000000000002
82 0.31900000000000023
83 0.32300000000000023
84 0.32700000000000023
85 0.33000000000000024
86 0.33400000000000024
87 0.33800000000000024
88 0.34200000000000025
89 0.34600000000000025
90 0.35000000000000026
91 0.35400000000000026
92 0.35800000000000026
93 0.36200000000000027
94 0.36600000000000027
95 0.36900000000000027
96 0.3720000000000003
97 0.3750000000000003
98 0.3780000000000003
99 0.3820000000000003
100 0.3860000000000003
101 0.3910000000000003
102 0.3980000000000003
103 0.4020000000000003
104 0.4110000000000003
105 0.4150000000000003
106 0.4210000000000003
107 0.4250000000000003
108 0.4290000000000003
109 0.43300000000000033
110 0.43600000000000033
111 0.43900000000000033
112 0.44200000000000034
113 0.44500000000000034
114 0.44900000000000034
115 0.45300000000000035
116 0.45700000000000035
117 0.46000000000000035
118 0.46300000000000036
119 0.46600000000000036
120 0.46900000000000036
121 0.47200000000000036
122 0.47500000000000037
123 0.47800000000000037
124 0.48100000000000037
125 0.4840000000000004
126 0.4870000000000004
127 0.4900000000000004
128 0.4930000000000004
129 0.4970000000000004
130 0.5000000000000003
131 0.5030000000000003
132 0.5060000000000003
133 0.5090000000000003
134 0.5120000000000003
135 0.5150000000000003
136 0.5180000000000003
137 0.5210000000000004
138 0.5240000000000004
139 0.5270000000000004
140 0.5300000000000004
141 0.5330000000000004
142 0.5360000000000004
143 0.5390000000000004
144 0.5420000000000004
145 0.5450000000000004
146 0.5480000000000004
147 0.5510000000000004
148 0.5540000000000004
149 0.5570000000000004
150 0.5600000000000004
151 0.5630000000000004
152 0.5670000000000004
153 0.5700000000000004
154 0.5730000000000004
155 0.5770000000000004
156 0.5810000000000004
157 0.5850000000000004
158 0.5880000000000004
159 0.5910000000000004
160 0.5940000000000004
161 0.5970000000000004
162 0.6000000000000004
163 0.6030000000000004
164 0.6060000000000004
165 0.6090000000000004
166 0.6120000000000004
167 0.6150000000000004
168 0.6180000000000004
169 0.6210000000000004
170 0.6240000000000004
171 0.6270000000000004
172 0.6300000000000004
173 0.6330000000000005
174 0.6360000000000005
175 0.6390000000000005
176 0.6420000000000005
177 0.6460000000000005
178 0.6490000000000005
179 0.6520000000000005
180 0.6560000000000005
181 0.6590000000000005
182 0.6620000000000005
183 0.6650000000000005
184 0.6680000000000005
185 0.6710000000000005
186 0.6740000000000005
187 0.6770000000000005
188 0.6800000000000005
189 0.6830000000000005
190 0.6860000000000005
191 0.6890000000000005
192 0.6920000000000005
193 0.6960000000000005
194 0.6990000000000005
195 0.7020000000000005
196 0.7050000000000005
197 0.7080000000000005
198 0.7110000000000005
199 0.7140000000000005
200 0.7180000000000005
201 0.7210000000000005
202 0.7240000000000005
203 0.7270000000000005
204 0.7300000000000005
205 0.7330000000000005
206 0.7360000000000005
207 0.7390000000000005
208 0.7420000000000005
209 0.7450000000000006
210 0.7480000000000006
211 0.7510000000000006
212 0.7540000000000006
213 0.7570000000000006
214 0.7600000000000006
215 0.7630000000000006
216 0.7660000000000006
217 0.7690000000000006
218 0.7720000000000006
219 0.7750000000000006
220 0.7780000000000006
221 0.7810000000000006
222 0.7840000000000006
223 0.7870000000000006
224 0.7900000000000006
225 0.7930000000000006
226 0.7970000000000006
227 0.8000000000000006
228 0.8030000000000006
229 0.8060000000000006
230 0.8090000000000006
231 0.8120000000000006
232 0.8150000000000006
233 0.8180000000000006
234 0.8210000000000006
235 0.8240000000000006
236 0.8280000000000006
237 0.8310000000000006
238 0.8340000000000006
239 0.8370000000000006
240 0.8400000000000006
241 0.8430000000000006
242 0.8460000000000006
243 0.8490000000000006
244 0.8520000000000006
245 0.8550000000000006
246 0.8580000000000007
247 0.8610000000000007
248 0.8640000000000007
249 0.8670000000000007
250 0.8700000000000007
251 0.8730000000000007
252 0.8760000000000007
253 0.8790000000000007
254 0.8820000000000007
255 0.8860000000000007
256 0.8890000000000007
257 0.8920000000000007
258 0.8950000000000007
259 0.8980000000000007
260 0.9010000000000007
261 0.9040000000000007
262 0.9070000000000007
263 0.9100000000000007
264 0.9130000000000007
265 0.9160000000000007
266 0.9190000000000007
267 0.9220000000000007
268 0.9250000000000007
269 0.9280000000000007
270 0.9310000000000007
271 0.9340000000000007
272 0.9370000000000007
273 0.9400000000000007
274 0.9430000000000007
275 0.9460000000000007
276 0.9490000000000007
277 0.9520000000000007
278 0.9550000000000007
279 0.9580000000000007
280 0.9610000000000007
281 0.9640000000000007
282 0.9670000000000007
283 0.9700000000000008
284 0.9730000000000008
285 0.9760000000000008
286 0.9790000000000008
287 0.9820000000000008
288 0.9850000000000008
289 0.9880000000000008
290 0.9910000000000008
291 0.9940000000000008
292 0.9970000000000008
293 1.0000000000000007
294 1.0030000000000006
295 1.0060000000000004
296 1.0090000000000003
297 1.0120000000000002
298 1.0150000000000001
299 1.018
300 1.021
301 1.0239999999999998
302 1.0269999999999997
303 1.0299999999999996
304 1.0329999999999995
305 1.0369999999999995
306 1.0399999999999994
307 1.0439999999999994
308 1.0479999999999994
309 1.0509999999999993
310 1.0539999999999992
311 1.056999999999999
312 1.059999999999999
313 1.063999999999999
314 1.0669999999999988
315 1.0699999999999987
316 1.0729999999999986
317 1.0759999999999985
318 1.0789999999999984
319 1.0819999999999983
320 1.0849999999999982
321 1.087999999999998
322 1.091999999999998
323 1.094999999999998
324 1.098999999999998
325 1.1019999999999979
326 1.1049999999999978
327 1.1089999999999978
328 1.1119999999999977
329 1.1159999999999977
330 1.1189999999999976
331 1.1229999999999976
332 1.1259999999999974
333 1.1299999999999975
334 1.1339999999999975
335 1.1369999999999973
336 1.1399999999999972
337 1.1439999999999972
338 1.1479999999999972
339 1.1509999999999971
340 1.153999999999997
341 1.157999999999997
342 1.161999999999997
343 1.164999999999997
344 1.168999999999997
345 1.172999999999997
346 1.176999999999997
347 1.180999999999997
348 1.184999999999997
349 1.188999999999997
350 1.192999999999997
351 1.196999999999997
352 1.200999999999997
353 1.204999999999997
354 1.208999999999997
355 1.212999999999997
356 1.2159999999999969
357 1.2199999999999969
358 1.2239999999999969
359 1.2279999999999969
360 1.2319999999999969
361 1.2359999999999969
362 1.2399999999999969
363 1.2439999999999969
364 1.2469999999999968
365 1.2509999999999968
366 1.2539999999999967
367 1.2579999999999967
368 1.2619999999999967
369 1.2649999999999966
370 1.2679999999999965
371 1.2719999999999965
372 1.2759999999999965
373 1.2799999999999965
374 1.2829999999999964
375 1.2869999999999964
376 1.2909999999999964
377 1.2949999999999964
378 1.2989999999999964
379 1.3029999999999964
380 1.3069999999999964
381 1.3099999999999963
382 1.3129999999999962
383 1.3169999999999962
384 1.3209999999999962
385 1.323999999999996
386 1.327999999999996
387 1.331999999999996
388 1.335999999999996
389 1.339999999999996
390 1.342999999999996
391 1.346999999999996
392 1.350999999999996
393 1.3539999999999959
394 1.3579999999999959
395 1.3619999999999959
396 1.3649999999999958
397 1.3689999999999958
398 1.3719999999999957
399 1.3759999999999957
400 1.3799999999999957
401 1.3839999999999957
402 1.3879999999999957
403 1.3919999999999957
404 1.3959999999999957
405 1.3999999999999957
406 1.4029999999999956
407 1.4059999999999955
408 1.4099999999999955
409 1.4139999999999955
410 1.4179999999999955
411 1.4219999999999955
412 1.4259999999999955
413 1.4299999999999955
414 1.4339999999999955
415 1.4379999999999955
416 1.4419999999999955
417 1.4449999999999954
418 1.4489999999999954
419 1.4529999999999954
420 1.4559999999999953
421 1.4589999999999952
422 1.4629999999999952
423 1.4669999999999952
424 1.4709999999999952
425 1.4749999999999952
426 1.477999999999995
427 1.481999999999995
428 1.485999999999995
429 1.489999999999995
430 1.493999999999995
431 1.496999999999995
432 1.499999999999995
433 1.503999999999995
434 1.507999999999995
435 1.511999999999995
436 1.5149999999999948
437 1.5179999999999947
438 1.5209999999999946
439 1.5239999999999945
440 1.5269999999999944
441 1.5299999999999943
442 1.5339999999999943
443 1.5369999999999941
444 1.5409999999999942
445 1.5449999999999942
446 1.547999999999994
447 1.551999999999994
448 1.554999999999994
449 1.5579999999999938
450 1.5609999999999937
451 1.5639999999999936
452 1.5669999999999935
453 1.5699999999999934
454 1.5729999999999933
455 1.5759999999999932
456 1.5799999999999932
457 1.582999999999993
458 1.585999999999993
459 1.589999999999993
460 1.593999999999993
461 1.597999999999993
462 1.6009999999999929
463 1.6049999999999929
464 1.6079999999999928
465 1.6119999999999928
466 1.6159999999999928
467 1.6199999999999928
468 1.6229999999999927
469 1.6269999999999927
470 1.6309999999999927
471 1.6349999999999927
472 1.6389999999999927
473 1.6419999999999926
474 1.6459999999999926
475 1.6499999999999926
476 1.6539999999999926
477 1.6569999999999925
478 1.6599999999999924
479 1.6639999999999924
480 1.6679999999999924
481 1.6709999999999923
482 1.6739999999999922
483 1.6779999999999922
484 1.680999999999992
485 1.684999999999992
486 1.688999999999992
487 1.691999999999992
488 1.695999999999992
489 1.6989999999999919
490 1.7019999999999917
491 1.7059999999999917
492 1.7089999999999916
493 1.7119999999999915
494 1.7159999999999915
495 1.7199999999999915
496 1.7229999999999914
497 1.7259999999999913
498 1.7289999999999912
499 1.7329999999999912
