0 0.024
1 0.045
2 0.067
3 0.08800000000000001
4 0.10900000000000001
5 0.13
6 0.152
7 0.173
8 0.19399999999999998
9 0.21499999999999997
10 0.23599999999999996
11 0.25699999999999995
12 0.27799999999999997
13 0.299
14 0.32
15 0.341
16 0.36100000000000004
17 0.38200000000000006
18 0.4030000000000001
19 0.4240000000000001
20 0.4450000000000001
21 0.46600000000000014
22 0.48700000000000015
23 0.5070000000000001
24 0.5280000000000001
25 0.5490000000000002
26 0.5700000000000002
27 0.5910000000000002
28 0.6120000000000002
29 0.6330000000000002
30 0.6540000000000002
31 0.6750000000000003
32 0.6960000000000003
33 0.7170000000000003
34 0.7380000000000003
35 0.7590000000000003
36 0.7800000000000004
37 0.8010000000000004
38 0.8220000000000004
39 0.8430000000000004
40 0.8640000000000004
41 0.8840000000000005
42 0.9050000000000005
43 0.9250000000000005
44 0.9460000000000005
45 0.9670000000000005
46 0.9880000000000005
47 1.0090000000000006
48 1.0300000000000005
49 1.0510000000000004
50 1.0720000000000003
51 1.0930000000000002
52 1.114
53 1.135
54 1.156
55 1.1769999999999998
56 1.1979999999999997
57 1.2179999999999997
58 1.2389999999999997
59 1.2599999999999996
60 1.2809999999999995
61 1.3019999999999994
62 1.3229999999999993
63 1.3439999999999992
64 1.364999999999999
65 1.385999999999999
66 1.406999999999999
67 1.4279999999999988
68 1.4489999999999987
69 1.4699999999999986
70 1.4909999999999985
71 1.5119999999999985
72 1.5329999999999984
73 1.5539999999999983
74 1.5749999999999982
75 1.595999999999998
76 1.616999999999998
77 1.637999999999998
78 1.6589999999999978
79 1.6799999999999977
80 1.7009999999999976
81 1.7219999999999975
82 1.7429999999999974
83 1.7639999999999973
84 1.7849999999999973
85 1.8059999999999972
86 1.826999999999997
87 1.847999999999997
88 1.8689999999999969
89 1.8899999999999968
90 1.9109999999999967
91 1.9319999999999966
92 1.9529999999999965
93 1.9739999999999964
94 1.9939999999999964
95 2.0149999999999966
96 2.0359999999999965
97 2.0559999999999965
98 2.0769999999999964
99 2.0979999999999963
100 2.118999999999996
101 2.139999999999996
102 2.160999999999996
103 2.181999999999996
104 2.202999999999996
105 2.2239999999999958
106 2.2449999999999957
107 2.2659999999999956
108 2.2869999999999955
109 2.3079999999999954
110 2.3289999999999953
111 2.349999999999995
112 2.370999999999995
113 2.391999999999995
114 2.412999999999995
115 2.433999999999995
116 2.4549999999999947
117 2.4759999999999946
118 2.4969999999999946
119 2.5179999999999945
120 2.5389999999999944
121 2.5599999999999943
122 2.580999999999994
123 2.601999999999994
124 2.622999999999994
125 2.643999999999994
126 2.664999999999994
127 2.6859999999999937
128 2.7069999999999936
129 2.7279999999999935
130 2.7489999999999934
131 2.7699999999999934
132 2.7899999999999934
133 2.8109999999999933
134 2.831999999999993
135 2.852999999999993
136 2.873999999999993
137 2.894999999999993
138 2.914999999999993
139 2.935999999999993
140 2.955999999999993
141 2.9769999999999928
142 2.9979999999999927
143 3.0179999999999927
144 3.0389999999999926
145 3.0599999999999925
146 3.0799999999999925
147 3.1009999999999924
148 3.1219999999999923
149 3.1429999999999922
150 3.1629999999999923
151 3.183999999999992
152 3.204999999999992
153 3.225999999999992
154 3.246999999999992
155 3.267999999999992
156 3.2889999999999917
157 3.3099999999999916
158 3.3309999999999915
159 3.3519999999999914
160 3.3729999999999913
161 3.3929999999999914
162 3.4139999999999913
163 3.434999999999991
164 3.455999999999991
165 3.476999999999991
166 3.497999999999991
167 3.518999999999991
168 3.5399999999999907
169 3.5599999999999907
170 3.5799999999999907
171 3.6009999999999907
172 3.6209999999999907
173 3.6419999999999906
174 3.6629999999999905
175 3.6839999999999904
176 3.7049999999999903
177 3.72599999999999
178 3.74699999999999
179 3.76799999999999
180 3.78899999999999
181 3.80999999999999
182 3.8309999999999897
183 3.8519999999999897
184 3.8729999999999896
185 3.8939999999999895
186 3.9149999999999894
187 3.9359999999999893
188 3.9559999999999893
189 3.976999999999989
190 3.997999999999989
191 4.0189999999999895
192 4.039999999999989
193 4.060999999999989
194 4.081999999999989
195 4.101999999999989
196 4.121999999999988
197 4.142999999999988
198 4.163999999999988
199 4.184999999999988
200 4.205999999999988
201 4.2259999999999875
202 4.2469999999999875
203 4.267999999999987
204 4.288999999999987
205 4.309999999999987
206 4.330999999999987
207 4.351999999999987
208 4.372999999999987
209 4.393999999999987
210 4.414999999999987
211 4.435999999999987
212 4.4569999999999865
213 4.477999999999986
214 4.498999999999986
215 4.519999999999986
216 4.540999999999986
217 4.561999999999986
218 4.582999999999986
219 4.603999999999986
220 4.6239999999999855
221 4.644999999999985
222 4.665999999999985
223 4.686999999999985
224 4.708999999999985
225 4.729999999999985
226 4.750999999999985
227 4.771999999999985
228 4.792999999999985
229 4.813999999999985
230 4.8339999999999845
231 4.854999999999984
232 4.875999999999984
233 4.896999999999984
234 4.917999999999984
235 4.938999999999984
236 4.959999999999984
237 4.980999999999984
238 5.001999999999984
239 5.023999999999984
240 5.044999999999984
241 5.065999999999984
242 5.086999999999984
243 5.107999999999984
244 5.128999999999984
245 5.1499999999999835
246 5.170999999999983
247 5.190999999999983
248 5.211999999999983
249 5.232999999999983
250 5.253999999999983
251 5.274999999999983
252 5.2959999999999825
253 5.316999999999982
254 5.337999999999982
255 5.358999999999982
256 5.379999999999982
257 5.400999999999982
258 5.421999999999982
259 5.442999999999982
260 5.463999999999982
261 5.484999999999982
262 5.505999999999982
263 5.529999999999982
264 5.552999999999981
265 5.573999999999981
266 5.594999999999981
267 5.615999999999981
268 5.636999999999981
269 5.657999999999981
270 5.678999999999981
271 5.699999999999981
272 5.7209999999999805
273 5.7419999999999805
274 5.76299999999998
275 5.78399999999998
276 5.80499999999998
277 5.82599999999998
278 5.84699999999998
279 5.86799999999998
280 5.8879999999999795
281 5.908999999999979
282 5.929999999999979
283 5.950999999999979
284 5.971999999999979
285 5.992999999999979
286 6.013999999999979
287 6.034999999999979
288 6.055999999999979
289 6.076999999999979
290 6.0979999999999785
291 6.1189999999999785
292 6.139999999999978
293 6.160999999999978
294 6.181999999999978
295 6.202999999999978
296 6.223999999999978
297 6.244999999999978
298 6.265999999999978
299 6.286999999999978
300 6.307999999999978
301 6.3289999999999775
302 6.349999999999977
303 6.370999999999977
304 6.391999999999977
305 6.412999999999977
306 6.433999999999977
307 6.454999999999977
308 6.475999999999977
309 6.496999999999977
310 6.517999999999977
311 6.538999999999977
312 6.5599999999999765
313 6.581999999999977
314 6.601999999999976
315 6.622999999999976
316 6.643999999999976
317 6.664999999999976
318 6.685999999999976
319 6.706999999999976
320 6.727999999999976
321 6.748999999999976
322 6.769999999999976
323 6.7909999999999755
324 6.811999999999975
325 6.831999999999975
326 6.852999999999975
327 6.873999999999975
328 6.894999999999975
329 6.915999999999975
330 6.9369999999999745
331 6.957999999999974
332 6.978999999999974
333 6.999999999999974
334 7.020999999999974
335 7.041999999999974
336 7.062999999999974
337 7.083999999999974
338 7.104999999999974
339 7.124999999999973
340 7.145999999999973
341 7.166999999999973
342 7.187999999999973
343 7.208999999999973
344 7.229999999999973
345 7.2499999999999725
346 7.270999999999972
347 7.291999999999972
348 7.312999999999972
349 7.333999999999972
350 7.354999999999972
351 7.375999999999972
352 7.396999999999972
353 7.416999999999971
354 7.437999999999971
355 7.458999999999971
356 7.479999999999971
357 7.500999999999971
358 7.521999999999971
359 7.542999999999971
360 7.563999999999971
361 7.584999999999971
362 7.605999999999971
363 7.6269999999999705
364 7.64799999999997
365 7.66899999999997
366 7.68999999999997
367 7.71099999999997
368 7.73199999999997
369 7.75299999999997
370 7.77399999999997
371 7.79499999999997
372 7.81599999999997
373 7.8369999999999695
374 7.8579999999999695
375 7.878999999999969
376 7.899999999999969
377 7.920999999999969
378 7.941999999999969
379 7.962999999999969
380 7.983999999999969
381 8.004999999999969
382 8.02599999999997
383 8.04699999999997
384 8.067999999999971
385 8.088999999999972
386 8.109999999999973
387 8.130999999999974
388 8.151999999999974
389 8.172999999999975
390 8.193999999999976
391 8.214999999999977
392 8.235999999999978
393 8.256999999999978
394 8.27799999999998
395 8.29899999999998
396 8.31999999999998
397 8.340999999999982
398 8.361999999999982
399 8.382999999999983
400 8.403999999999984
401 8.423999999999984
402 8.444999999999984
403 8.465999999999985
404 8.486999999999986
405 8.507999999999987
406 8.528999999999987
407 8.549999999999988
408 8.570999999999989
409 8.59199999999999
410 8.61299999999999
411 8.633999999999991
412 8.654999999999992
413 8.675999999999993
414 8.696999999999994
415 8.717999999999995
416 8.738999999999995
417 8.759999999999996
418 8.780999999999997
419 8.801999999999998
420 8.822999999999999
421 8.844
422 8.865
423 8.886000000000001
424 8.907000000000002
425 8.928000000000003
426 8.949000000000003
427 8.970000000000004
428 8.991000000000005
429 9.012000000000006
430 9.033000000000007
431 9.054000000000007
432 9.075000000000008
433 9.096000000000009
434 9.11700000000001
435 9.13800000000001
436 9.159000000000011
437 9.180000000000012
438 9.201000000000013
439 9.222000000000014
440 9.243000000000015
441 9.264000000000015
442 9.285000000000016
443 9.306000000000017
444 9.327000000000018
445 9.348000000000019
446 9.36900000000002
447 9.39000000000002
448 9.411000000000021
449 9.432000000000022
450 9.453000000000022
451 9.474000000000023
452 9.495000000000024
453 9.516000000000025
454 9.537000000000026
455 9.558000000000026
456 9.579000000000027
457 9.600000000000028
458 9.621000000000029
459 9.64200000000003
460 9.66300000000003
461 9.684000000000031
462 9.705000000000032
463 9.726000000000033
464 9.747000000000034
465 9.767000000000033
466 9.788000000000034
467 9.809000000000035
468 9.830000000000036
469 9.851000000000036
470 9.872000000000037
471 9.893000000000038
472 9.914000000000039
473 9.93500000000004
474 9.95600000000004
475 9.977000000000041
476 9.998000000000042
477 10.019000000000043
478 10.040000000000044
479 10.061000000000044
480 10.082000000000045
481 10.103000000000046
482 10.124000000000047
483 10.145000000000048
484 10.166000000000048
485 10.18700000000005
486 10.20800000000005
487 10.22900000000005
488 10.250000000000052
489 10.271000000000052
490 10.292000000000053
491 10.313000000000054
492 10.334000000000055
493 10.355000000000055
494 10.376000000000056
495 10.397000000000057
496 10.418000000000058
497 10.439000000000059
498 10.46000000000006
499 10.480000000000059
