0 0.016
1 0.032
2 0.048
3 0.064
4 0.08
5 0.096
6 0.112
7 0.128
8 0.14400000000000002
9 0.16000000000000003
10 0.17600000000000005
11 0.19200000000000006
12 0.20800000000000007
13 0.2240000000000001
14 0.2400000000000001
15 0.2560000000000001
16 0.27200000000000013
17 0.28800000000000014
18 0.30400000000000016
19 0.3200000000000002
20 0.3360000000000002
21 0.3520000000000002
22 0.3680000000000002
23 0.38400000000000023
24 0.40000000000000024
25 0.41600000000000026
26 0.4320000000000003
27 0.4480000000000003
28 0.4640000000000003
29 0.4800000000000003
30 0.49600000000000033
31 0.5120000000000003
32 0.5280000000000004
33 0.5440000000000004
34 0.5600000000000004
35 0.5760000000000004
36 0.5920000000000004
37 0.6080000000000004
38 0.6240000000000004
39 0.6400000000000005
40 0.6560000000000005
41 0.6720000000000005
42 0.6880000000000005
43 0.7040000000000005
44 0.7200000000000005
45 0.7360000000000005
46 0.7520000000000006
47 0.7680000000000006
48 0.7840000000000006
49 0.8000000000000006
50 0.8160000000000006
51 0.8320000000000006
52 0.8480000000000006
53 0.8640000000000007
54 0.8800000000000007
55 0.8960000000000007
56 0.9120000000000007
57 0.9280000000000007
58 0.9440000000000007
59 0.9600000000000007
60 0.9750000000000008
61 0.9910000000000008
62 1.0070000000000008
63 1.0230000000000008
64 1.0390000000000008
65 1.0550000000000008
66 1.0710000000000008
67 1.0870000000000009
68 1.1030000000000009
69 1.1190000000000009
70 1.135000000000001
71 1.151000000000001
72 1.167000000000001
73 1.183000000000001
74 1.199000000000001
75 1.215000000000001
76 1.231000000000001
77 1.247000000000001
78 1.263000000000001
79 1.279000000000001
80 1.295000000000001
81 1.311000000000001
82 1.327000000000001
83 1.343000000000001
84 1.359000000000001
85 1.375000000000001
86 1.3910000000000011
87 1.4070000000000011
88 1.4230000000000012
89 1.4390000000000012
90 1.4550000000000012
91 1.4710000000000012
92 1.4870000000000012
93 1.5030000000000012
94 1.5190000000000012
95 1.5350000000000013
96 1.5510000000000013
97 1.5670000000000013
98 1.5830000000000013
99 1.5990000000000013
100 1.6150000000000013
101 1.6310000000000013
102 1.6470000000000014
103 1.6630000000000014
104 1.6790000000000014
105 1.6950000000000014
106 1.7110000000000014
107 1.7270000000000014
108 1.7430000000000014
109 1.7590000000000015
110 1.7750000000000015
111 1.7910000000000015
112 1.8070000000000015
113 1.8230000000000015
114 1.8390000000000015
115 1.8550000000000015
116 1.8710000000000016
117 1.8870000000000016
118 1.9030000000000016
119 1.9190000000000016
120 1.9350000000000016
121 1.9510000000000016
122 1.9680000000000015
123 1.9840000000000015
124 2.0000000000000013
125 2.0160000000000013
126 2.0320000000000014
127 2.0480000000000014
128 2.0630000000000015
129 2.0790000000000015
130 2.0950000000000015
131 2.1110000000000015
132 2.1270000000000016
133 2.1430000000000016
134 2.1590000000000016
135 2.1750000000000016
136 2.1910000000000016
137 2.2070000000000016
138 2.2230000000000016
139 2.2390000000000017
140 2.2550000000000017
141 2.2710000000000017
142 2.2870000000000017
143 2.3030000000000017
144 2.3190000000000017
145 2.3350000000000017
146 2.3510000000000018
147 2.366000000000002
148 2.382000000000002
149 2.398000000000002
150 2.414000000000002
151 2.430000000000002
152 2.446000000000002
153 2.462000000000002
154 2.478000000000002
155 2.494000000000002
156 2.510000000000002
157 2.526000000000002
158 2.542000000000002
159 2.558000000000002
160 2.574000000000002
161 2.590000000000002
162 2.606000000000002
163 2.622000000000002
164 2.638000000000002
165 2.654000000000002
166 2.670000000000002
167 2.686000000000002
168 2.702000000000002
169 2.718000000000002
170 2.734000000000002
171 2.750000000000002
172 2.7660000000000022
173 2.7820000000000022
174 2.7980000000000023
175 2.8140000000000023
176 2.8300000000000023
177 2.8460000000000023
178 2.8620000000000023
179 2.8780000000000023
180 2.8940000000000023
181 2.9100000000000024
182 2.9260000000000024
183 2.9420000000000024
184 2.9580000000000024
185 2.9740000000000024
186 2.9900000000000024
187 3.0060000000000024
188 3.0220000000000025
189 3.0380000000000025
190 3.0540000000000025
191 3.0700000000000025
192 3.0870000000000024
193 3.1030000000000024
194 3.1190000000000024
195 3.1350000000000025
196 3.1510000000000025
197 3.1670000000000025
198 3.1830000000000025
199 3.1990000000000025
200 3.2150000000000025
201 3.2310000000000025
202 3.2470000000000026
203 3.2630000000000026
204 3.2790000000000026
205 3.2950000000000026
206 3.3110000000000026
207 3.3270000000000026
208 3.3430000000000026
209 3.3590000000000027
210 3.3750000000000027
211 3.3910000000000027
212 3.4070000000000027
213 3.4230000000000027
214 3.4390000000000027
215 3.4550000000000027
216 3.4710000000000027
217 3.4870000000000028
218 3.503000000000003
219 3.519000000000003
220 3.535000000000003
221 3.551000000000003
222 3.567000000000003
223 3.583000000000003
224 3.599000000000003
225 3.615000000000003
226 3.631000000000003
227 3.647000000000003
228 3.663000000000003
229 3.679000000000003
230 3.695000000000003
231 3.711000000000003
232 3.727000000000003
233 3.743000000000003
234 3.759000000000003
235 3.775000000000003
236 3.791000000000003
237 3.807000000000003
238 3.823000000000003
239 3.839000000000003
240 3.855000000000003
241 3.871000000000003
242 3.887000000000003
243 3.903000000000003
244 3.919000000000003
245 3.935000000000003
246 3.951000000000003
247 3.967000000000003
248 3.983000000000003
249 3.999000000000003
250 4.015000000000003
251 4.031000000000003
252 4.047000000000003
253 4.063000000000003
254 4.079000000000003
255 4.095000000000003
256 4.111000000000003
257 4.127000000000003
258 4.143000000000003
259 4.159000000000003
260 4.175000000000003
261 4.191000000000003
262 4.207000000000003
263 4.223000000000003
264 4.239000000000003
265 4.2550000000000034
266 4.2710000000000035
267 4.2870000000000035
268 4.3030000000000035
269 4.3190000000000035
270 4.3350000000000035
271 4.3510000000000035
272 4.3670000000000035
273 4.383000000000004
274 4.399000000000004
275 4.415000000000004
276 4.431000000000004
277 4.447000000000004
278 4.463000000000004
279 4.479000000000004
280 4.495000000000004
281 4.511000000000004
282 4.527000000000004
283 4.543000000000004
284 4.559000000000004
285 4.575000000000004
286 4.591000000000004
287 4.607000000000004
288 4.623000000000004
289 4.639000000000004
290 4.655000000000004
291 4.671000000000004
292 4.687000000000004
293 4.703000000000004
294 4.719000000000004
295 4.735000000000004
296 4.751000000000004
297 4.774000000000004
298 4.791000000000004
299 4.807000000000004
300 4.823000000000004
301 4.839000000000004
302 4.855000000000004
303 4.871000000000004
304 4.887000000000004
305 4.903000000000004
306 4.919000000000004
307 4.935000000000004
308 4.951000000000004
309 4.967000000000004
310 4.983000000000004
311 4.999000000000004
312 5.015000000000004
313 5.031000000000004
314 5.047000000000004
315 5.063000000000004
316 5.079000000000004
317 5.095000000000004
318 5.111000000000004
319 5.127000000000004
320 5.143000000000004
321 5.159000000000004
322 5.175000000000004
323 5.190000000000004
324 5.206000000000004
325 5.222000000000004
326 5.238000000000004
327 5.254000000000004
328 5.270000000000004
329 5.286000000000004
330 5.302000000000004
331 5.318000000000004
332 5.334000000000004
333 5.350000000000004
334 5.366000000000004
335 5.382000000000004
336 5.398000000000004
337 5.414000000000004
338 5.430000000000004
339 5.446000000000004
340 5.462000000000004
341 5.478000000000004
342 5.494000000000004
343 5.510000000000004
344 5.526000000000004
345 5.542000000000004
346 5.558000000000004
347 5.574000000000004
348 5.590000000000004
349 5.606000000000004
350 5.622000000000004
351 5.637000000000004
352 5.653000000000004
353 5.669000000000004
354 5.685000000000004
355 5.701000000000004
356 5.717000000000004
357 5.733000000000004
358 5.749000000000004
359 5.765000000000004
360 5.781000000000004
361 5.797000000000004
362 5.813000000000004
363 5.829000000000004
364 5.845000000000004
365 5.861000000000004
366 5.877000000000004
367 5.893000000000004
368 5.908000000000004
369 5.924000000000004
370 5.940000000000004
371 5.956000000000004
372 5.972000000000004
373 5.988000000000004
374 6.004000000000004
375 6.020000000000004
376 6.036000000000004
377 6.052000000000004
378 6.067000000000004
379 6.083000000000004
380 6.099000000000004
381 6.115000000000004
382 6.131000000000004
383 6.147000000000004
384 6.163000000000004
385 6.179000000000004
386 6.195000000000004
387 6.211000000000004
388 6.227000000000004
389 6.243000000000004
390 6.259000000000004
391 6.275000000000004
392 6.291000000000004
393 6.307000000000004
394 6.323000000000004
395 6.339000000000004
396 6.355000000000004
397 6.371000000000004
398 6.387000000000004
399 6.403000000000004
400 6.419000000000004
401 6.435000000000004
402 6.451000000000004
403 6.467000000000004
404 6.483000000000004
405 6.499000000000004
406 6.515000000000004
407 6.531000000000004
408 6.547000000000004
409 6.563000000000004
410 6.579000000000004
411 6.595000000000004
412 6.611000000000004
413 6.627000000000004
414 6.643000000000004
415 6.659000000000004
416 6.675000000000004
417 6.691000000000004
418 6.707000000000004
419 6.723000000000004
420 6.739000000000004
421 6.755000000000004
422 6.770000000000004
423 6.786000000000004
424 6.802000000000004
425 6.818000000000004
426 6.834000000000004
427 6.850000000000004
428 6.866000000000004
429 6.882000000000004
430 6.898000000000004
431 6.914000000000004
432 6.930000000000004
433 6.9470000000000045
434 6.9630000000000045
435 6.9790000000000045
436 6.9950000000000045
437 7.011000000000005
438 7.027000000000005
439 7.043000000000005
440 7.059000000000005
441 7.075000000000005
442 7.091000000000005
443 7.107000000000005
444 7.123000000000005
445 7.139000000000005
446 7.155000000000005
447 7.171000000000005
448 7.187000000000005
449 7.203000000000005
450 7.219000000000005
451 7.235000000000005
452 7.251000000000005
453 7.267000000000005
454 7.283000000000005
455 7.299000000000005
456 7.315000000000005
457 7.331000000000005
458 7.347000000000005
459 7.363000000000005
460 7.379000000000005
461 7.395000000000005
462 7.411000000000005
463 7.427000000000005
464 7.443000000000005
465 7.459000000000005
466 7.475000000000005
467 7.491000000000005
468 7.508000000000005
469 7.524000000000005
470 7.540000000000005
471 7.555000000000005
472 7.573000000000005
473 7.589000000000005
474 7.605000000000005
475 7.624000000000005
476 7.640000000000005
477 7.656000000000005
478 7.672000000000005
479 7.690000000000005
480 7.706000000000005
481 7.722000000000005
482 7.738000000000005
483 7.754000000000005
484 7.770000000000005
485 7.786000000000005
486 7.802000000000005
487 7.818000000000005
488 7.834000000000005
489 7.850000000000005
490 7.866000000000005
491 7.882000000000005
492 7.898000000000005
493 7.914000000000005
494 7.930000000000005
495 7.946000000000005
496 7.962000000000005
497 7.978000000000005
498 7.994000000000005
499 8.010000000000005
