1001000111001110110001011011101101001010010010110110001001110010000101010110011100001000010000011100011011001111010010010111101111100001101001111111111101000110101100010001010000101101011110001110100011010000010110011010000100110110111011110100010111010101
1110101001111110001110110010001101110101001101100011111000101101000011111110000100011101000111111100000111010111100110011011111100110000001000110100000101101100101101011100011100011111011101010111001001100110111001100010001100101100100010001101100101100100
0011001000010100001010100000111010010011101101111100011011101111101011110101110011100100101110000110011101010111011011001101011010110101100101101011011000001110111011101111010001010001000111100001011100111011011101100001010011100110010011011101100111001010
0110110010111011000011001100111101011000001000001101001000011011000110001000011001100110101101000011101011101000101101001110000010000110000010011111011110101000001110001100000111101100000010000001111010001001110100011101011011110110101010101010010010000010
1101011111000111111111010100110100000101011000001100101111101100000101111101011111111000111110010100100001101010011000100001001101111101010111010100000010000110101110001100010101011101100100011011111100100100011011111001011111000111111011001111000100001010
1111011111101011011101110101100101000101000111110111101001110111111000110010011001011010000001011100101101100000010111100101011111110101110110100000101100101111000001011001000010111000000001100101100010101011000010000011101000010010111000000000011011101001
0010001001011011111001100001011100011101000100011101100001001011010001101100101100100100001001010100010100111101111101101010010001111110010000011100011101100110101101001111111011101101000110100101100100000001100000110011010000010000010001100111011100110110
1010001001110011010010100000101100010000101011011101010000101100100011001000000100101110001111001000001011011011101100100110010010110010110111001110010101101100011101111101101000101111101010111110010100111100100100000010011101011000111000001001000101001001
0100001110100110100110101000010011010001001110001011000000011110110111000101011111100000011011000001110101101111011110000110111001011110001000111110001110110000101100101111000101011011001101000010011010101110111011010010111011011111001000010110001110110000
1110100000000100010001111101100101101011111101110110110111011011101110100100010010100101010000100001111100010101001011000001010110110011111100100101110110001011000101010011100111111010001011111011010010010100100011000101010001010010011001010100111111111100
0110010010111011011000000011000111011000110010011111010001011001001011110111001100110110100110011110100010010110101111010100011011111100111111100100010111111110100101001111111011011111010000000110111011000001111100111000011000101000010100000001001101000111
1010110111101100011100000011000101111110001100000010111000010010101000101100100100100100000110001101000100000000110110110010011101010100001000111010110101110010010101101111000011011101000111101100111100100001100000011100000010010010101111010100100000110111
1101110100101111000110011000111010000011010010000110110101100111000101101101010011000001011110111110001110101010010010010111110000100000011101111011001011000110100110100100111000100110100010100001111001100010011101001100000001111100101101100100010000000111
1101111110100010101110000110010110000010111100101100101111110000111011011101111011101101010000110000011111011000100100010101111011011101100010000010001110111101001100001100110001110001011110001010001010101111011010100010110011110010101011011001100001111000
1100000110001000110100100000101110010001101101100011000011100010110100100101001010100110001111000010000001110110101001100000011001100111000100010000010100100101010100011011001101001100100101110010101000001011011010100110000110110000111001000101101010010011
0001000010111101100011111001110111000001111100100101011110011101110100000101011110001111100010110011011100001111110001111100011110101110011001001001010010101110111101100010011000000110000001110011010001001000000010001110011000000001101111100001000011010011
0001011001101111110101100001010010000101010111011110001011110111000100110100000101010111000111011100101010101000010101101010001110010101101101010101000010011111010001010011000111110001010000111001001010111000101100001001010111011001011111100110000100110110
1100110000010110100100000010010011110001001101101111111011010010111010010101110010010101000100011000110101011010011001010100100111101100100000000100110010000110111100111000010100110100001110001100111000011010011110111111100101001111111111101111111001110010
0010100110100101011110000000011011110011100011111011110101111101000101100110110000110110010111011001111111101101001000001011111000100011110000100011010000100100110101110010100100000000101000000001101100011000111100010000011000000001001111000111110011011101
1001000000110001000100001001111010001111101011110111100111100011011011000011111111011111101101100111001010010001010011010000011000100101011010000001000010100000000111010100000101111101010000000110011100110101100110110000111100100111111011010011011001011101
0111000001011011001010110100000100001101100101010101010100110101110011101110010100110100000011010110010111110100000001101010101111001100101100001100110100000010101000101011110100111101011101111101001111110011100111101001001001111000111110100000011010000100
1000111001010001100101110110111010110110010001000011110010000110011101110010111000001010100110100010100000000111001001001000100101000010110000111100101111101011100010000100111000100110111000111110010101110110011001111010111111011100011101110101111001010111
0111101101110000110011101000011000000100001110111000101011011111001101111110100110011111001001011010101001110101101110010001100111011001101100100000110000011111000110101010010001100011101001100100101011111101110000110100110010011111111001011001011110001010
1100110001011101110001100110000000010010010000010111000001010111010111010110101100000111111100110011100101001000010000001000101110100110110111100101101001101001000110101011000111010101010010100001111101000000111101000110010000110101111001010001110111000100
1011001000000001111110011111110111110101100111110000010001111100110010011010100101000000011000101110000111100011110101000110101101100111010011011000010011111101110010001101010111011101011000100010001000010101000110010011011000001011111001110111001100000010
0011001011001110110010011100111001010010010111100111101100000011011110000001010111011001100100011111111111010011010111100010001010000010001110101101010011111000000100100101000111010001011110010101111100001010010101011110000100001011011011011101001010111101
1001011011001101100011000010100001100100000100110100001100111011011101011111110100110001111001010110111110111101000101000100011111101110101000001100111100010110100111000100101101111110000101011000010001111001001111101000111001110000100100100101100000110010
1111000000000100010100011101100110001101011011010010010111010111010110000101111001011111101001010000001110111101001001010101111001000101011000010110100011001101101101001010111001001100011000110011100000110100000000001010011011010101011110000110011010111001
0010001010111101001111100000010001111101010010010110010110001100010100111000100000001010011101110011101101001000010010111101100011000111100110011010000010010100010100110111100001010111101000100011110011010101010110000010011010100110010001001101101100001110
0001110101111010111101101000111011111100001000101100010010111001111100100110011001100100111010110011100000010010010010000100001100111001110001011111000010011101101000110101010011000101100001000111000101001101110111101011000110100110010101100111100000110101
0011110000111100001100011001100001011100001101110100101010101010110001111010100110011001010001010100010011101101101001111100010000000000111010001010011101000101110010110101111111101000001010101011010111001001110011111101111011110101001011001010001000010010
0001101110001101101001111000111001100000111011001011110110000110011111000010010001110011000000110111011111010110011001111101101000000010010010000010100010111001001110101110010100010011101010101000100110100000000101000011010000000000011010100011010001111111
1110110101001011010000000000001001111100011001011101111000100001010000110011110101110000010111111110010011011111101000010110100001100111011111101010001001010111001001110000110111011010101101000000100110101110100011000010011111100101110111111100011100011001
0101111011010111111001101000101011000010100111111111011011111010011101001111011110111100000110110010011111111000011110010011111000011100101111010100100001100000101110011011010011101111011000110000000000110100100001111100001001001111000101110101001111101000
1010100010100100010111001010001000101011100111010001011110010000010010101100111011000111001100110001010001001010111011100101010100000101001100000100101001110001101001101110100010010000001101011100100011000110111000001110100110011011110110111101110110110011
1001011011000101101110010000100001100001111010100100001011000010101100001111011100101101010101001010111100110100100100111010101110110010111101001010000100010010101010010110000101110010101000110011011101111110000011010110111100100101001101100001011000100111
1110001101011111000000010100000100000010100110100001111000101100100101000100111011101110011001011001101110111011100011001000011000010000001010101111111110001010111111110000101000110001111000111101111110011010110000111001000100011101001110111101100010100001
1000110001000000000000010000101110111100111110001101110111010011101100001000001010100101100010001111001000010010001110000101010001000111001000000000111011101111010111010001010010101001100101110000010100111000000100010010100111101010110111001110001111101101
0001001101111110110001010111001001100100000101111111100101111111000111111001001001110010100001101110010100110100001101101110010011010111011001101000010100110010101011011010010001110111001111111110100110000110100111101111100101110110000100100101001001111000
0001100001000101111010101010001110010010000110000001000000000100111000001100111111101000101010000011010111000011100001100011100111111100111010101110010100101000100010000011010111101111100110110110000000110101010010010111000000111011001000011100101110111011
1010100011100101011110011010011010000111011010101010000110011001100111011101001010001111110010100100011001010100100011111001000100111111110101111010110110010011010011011010010001100010111000111001100000001001000100001011101101010110001111110000100111000100
0110011000000011100110000010100100010110010000010010100000101001101111010011000000111110100010000001100010100000010011101100011000111100111100101101110100011110111011110101110010000110110011001010000000100101011100000100010101101000010110001010110101001001
1000001011111101111111100100111011000110011000110010011100001001100100001010001101111000110000110101111100100100100000001001110011100101111001111110111110111101110100101111010001001000101101001011010000100100111101000001000010011011101101101000101000101001
0010101100110001101100011100111011111110011011000111101001110101001011010000100010001110010110101111110100110101001110011010110101111110110110001101110111110101011111010000011010001111100101110111100001100110010111000111010011000010101010111001111001100000
1001101010011001010011110110100101110110100011111110011110111011001110010000010000000010110011110111001011110101110111011000111011110110100111011110100000001100000011011011110111010110001110100111100010100111101100111010001010011000001010110010000111001100
0101110000110100001100001110100000010010001001000101011101101100001010110011110111101001010011010001000001011111110001010011110000000011000001100100000101101111110111100101011101111100010010111001010000011110100010001010101000110110001110101011010100010001
1000101000011111011001011000111001000101000110000100001010010101001110111001001110000101110110111111111110111010000110000011000110010010111100011101111001100111100010111010001010001001100100101111011000010010010000111000101101000101001111000101101000110011
1010000001101001011010110110001111011011100100010101110011001011101000000010111111100111111100010001011000001011101010111011001101011001010101000100100001001110010100011000111110110000101100010001101101000110110010101011000010110010100110101101110010000100
1001100011000001101110000011000101101010001010001110101110011000001001101101010111100001110100011111010101011011100100001100101010111100010100110001100111010110011100111111111000111111001011010010101100100101110111101010101100001100101011100001111100010101
0010101010010110001100011100101110100111111101011111111011001000110000111111100010000110000011010000101000001000000000110101100000100101110101100110011011010000000101010010011011011111000010011100111010001000101101110011110001011001101000001100101001010101
0001000011100000010011001010010010011101101010111100111101001010101101111110001000110001111010010000011001110101110110101010101110000000000101000101100100100101111100001011000101001000011111101100010001000001100110110000101011010100101010100110011101100011
1111000010101001100011001001011000011101011000110000100100000100111001000100101101100111110000010110010010101110110000000001011001111001000001110000010111001001101001100100011100011100101111000111011000000000011010001110101011010100001111011111000110011111
1011100101000011001011000001011011110111010000111101101001110010000100100111111101111011100001011101011100001100110000111100101110010110101010000111000010111011010011011011000011101011110000110010111111100010111001010110011110001100010110111101010010100011
1010111011000011100011111001100100001111111100000000111011100101010100101001001100001011011010110000100000111110011011010111110000110010010010001010001010000101000001100001011101111001100000000100011101111011011001000100010101001100101011111000011000010101
0111110101001110100011110011110110001100010100010010011000101111000110111010100001100100111101111110111101000000100100011000011111110001011001011100000000101101010010110101000101001001111001111001101010100011100000101100111110101101110110110001101010011101
1100100010111111011010101001110100111110011010010110100001100100010011110011010100110011110000101110001000000010100101001000010110100011101101010011000000011110011001111100111110100111000100001101010100010011010110111001001110110001111011000001001111000001
0000010000111011011100000110101111100110011011000100001001100011100001011010010111000100100100101010111011100101000111011010100000110110011011000011110011001001000100101001101110010111000110001101010000000000101000010101101110010111000100011010111110111010
1111011111000001111101000100111110110011010100101110111110011010000000011100011010000011010011000010111001101000000101001110111011110011010001111011101000001111110100000011111011100111001110011100101101111110100111101100110011010001001110111111011001101001
0110000000001101101000001011001110110100111100000100011110001110100000011010110001100111011001100101100010001000101100110001001010011010000111010110111010010000000101101111001011100101000101001101000101001100101110101001110010001111100101110101001001011001
1000011010011001101111101011111111111101011100000101111111010100000110100011011000011110100001011111001110110011001111000110010101000100001101000111111101111011100001100101010010110111000101100001000001100011011111011101100111000101110111110011111001111011
0101010010001100111110011000110100000001110011011001000101111111010110010111000010110100001100010000001111101101100110001101111010100100000011010101000010001101111011011000011001001110101000110111110100101100111100001110000100111100101100101011101111101011
0111111011100101100110101100100001001111110110100010101111010000110100101011000000100101111100000110111000000000111100000011011111101101100111010110110101010100101101111100110111011000110101110000010110000111000001101001010101001100111001100100010100011101
0001110101111111100101011010001100100101011101100000111111001111000110101010110011010011010100010110110001001011100101100010110100100010010011001010101111100010111000011111010101100110011011001100101100111010110101100010100010110111011000001011011011001110
1100111110001000111010100100011100110101101111001001111010101100011011100110011101000010101101001111110001010110001110100010001101110001000110000100010011101011011111010100000110101001000111010001101111100110000001010001000100001011111111101001101010111001
0100101111011001100111011100101110000010111011101001110011111110110111000110101110010110101110101110110101011101011111010100111110110011010110000011000110010111110000111100000001000011011101111111001001110111010011001100111011000101000100011100011001111001
1001011000111000100010101100011000111011100001001001110110100001000000011111101111011000001001110001100011110111110010001000111010110001010111011101011100000001100111000100100011100111010110001111000001000010010100111000100000010011000110101110011011000010
1100110001110100110101100000010101101111001010111111101001001000101100011100011101001011011100011010111110101000010100101001110111001010111011001100000010111011000001100010000000111110110111010001011000110001100000000111111111001010101010101110111100101101
1001111000000010000111101011011010010101001111101011011011100010011000101000000111010101111100100010001100001000101001010111110111110111010110110010001010001001100100100101010011101110010011010000001100111110111101010100100100110000100010100000111001000011
1111010111001000110100100110101101100111010000010110110011101111101100100100001101100000010100110001100110000011101010000001101010000110100011100110110100001110011001101010011110101011100001101001011000110000101011100000110001010110001010011011101101000110
1101110111010101010100101100111000010000000110111100010101011001000110011100010001011100001010010011110010101010010100001100111011010011100000101101100000111011110110011110101110111101010100111110110101011101001010011110101011000101101010100100110000001110
1010011001001100000111010100001111110101010001110101001010110000011111100100010100111100111110111001011000111100111011110001001111011110000000111010101110010000100010111110111110010110011110001001010110000000111100001011101100001000110011011100000100001110
1110100100101010000010101111001001000000110010101010011100010011101110011100111010100000110101110111011011110000010100111000101101110100000001000001000011100110001011100001101000001000101100100011101111100011000110111000001010001001001001010100100000111000
0100101100101100101010011111011001101010100110110101011111101011000110010011100000000011000000111100011110001110100100010001000100001100011000111101100101110110100001111010010000101110111010000010010100100101000010101000000101110101100100101101011000100110
0100000000001111001110100000000010000001001101110000110110100001101101110001011001100110100100010110010000101101111011001100000111110010110100000000001001001100100000111110001001000001001011010010111001010001101101111111101011011101100110010100000011000111
1110111111000010011000100101101101101101001101001010110110100001010011110110110111000010000011011011110100001110000010110101101111001010001001110110100010001111011000001010000001000101001011001001101101010101101100011100000101110001000010000111110010110100
0001000011101101111110110111110000010011100100010100111001000010001011101011001100000100000000110000101101001111010010100100111010000111111011110110011001110010010101011011111100110011001000010010001101011101011101111010101111110101000110000111111011000000
1000010111001011010101111011010111011110110111101110101110110111011010010111001111010100000000101000111100010001111111010000001111110010011111111001110110001000001010011010011110001100101011101011110111111101111001110111010001111110010001000100111110110001
0001110100001000100000100001100101001000110100010110010100100101000010100011101110111101101110010010010101110111101000111111011011101100001110010000010011101001011111101111101101010110010111111010111001100000101001101111101010000011110010111100001111110010
1111010010001100001011101000111011111111100010101110110011100011100110000110010000110011101000111011101111100001110001101010011011001000110100000110000100001011111001001010001100001001110000000000101011101111101011001110101110101100000000101101011000000101
0100010110111011001100010001001001000000011111101110110010101000011001011010101010101010110110000101100011110100011100010101111010001010011110000111110101010011011001111001011011011000110100100010001011111001011111101000010010010001101000111001000101100101
0101011100010101111111100000011110001110001110001001010010000011111110000101010100001100001110011110100111100111000101111111010100011011010110010111000011000101001001101101100111110101011100001100011000001001101001010000011100101111101110000101111110010011
1111010100011001111011101001011100111000111111101000111001100110000110000001100101111110000101010100111110001000011010111001000011100010101110000011011001110110001000000100000101111011101111010000011010001000001011110011111111100101001110011000010100011101
0110010001101110100111110100100011111011010011001110111101111011101101000111010011011001111110011000010110000110010111010101010101000011011000001010011101011111100000111011101110011001011010111101101101110111101001010011001101001010001001000000100101001001
1001110001111011011010110100000011010100001001100011101000110100110011101010000111101100101101010111011011011000000011000010010111011000110011001001101001101101110010001110000100100110111011101001011011111000011010011001010000110000100010001101100011111111
0001011101111001001001100111010000001100001100111101100111010101101010100110101101101110100000001110100101111000100110000110110011100001100111111101110101110111000000111010000011100101100110110011110110010000110101000010001100111010111000100010100011111010
0100100000011000110010101000000100001000111110010001010010111000000110111111111101000000000010101101011101110010101110101000111011011001011000001010100110110111001110010101111001001110011001110101000101000110010011010011010110000011111000001011001100010101
1011011100111000010010001010111010001100101001000101010111000011100001010011100111101000010001100101011010000111010010000101111101110001101011010111100011001011111110100011010100010101100111101111110000100111100010111001110000110110101101100010111111110001
1100000101001110110110010000000100101100111101010010110101110111110100110000111010101111110100101011111110000001101001111000101010111010110001011001111101010001000010100110010010001101101000111011000110100101001111000000100101010000010110100011000100101110
0100110010010001100100101010011010110010001001111111110011011000010111001101111110011000000101101101110011110011100010010000001010111000110001100010111000110100000010001011000100011101110100110111100011000100000001001010011000111010011011100101110000101101
0001111000011100001110110010001010000100010000001011101011001001010111110011110001001001001010100011101100001010000001111010100111111110101011101011010111100000110000101010000010110011000100100011110000101111100101010010110000111101110001110000011000010011
1010101000000011111010000011110101101100110101101111100111011001101001010110011101011001100110101111001000100010011100000100100001011100011010110110010110000110001110000100111101111110011010001101100000110110001011001010101100000000111101001100011100011101
0011010011110110000011010001101010010010101111000001001011000101101010111110101100000110101101001000101010100110001110101100011101011110000010010111111000000011010011100110000011100111011001000100001011011101001100000111000100100010101110111110000001101100
0111000100010000010110101101101010100010010010110011110011100000101100110011000000110101010110110000110010011001011101010001110011010111110101001011101111111011111000100101011010100001011000100010110101100011110011101100001111111010101001001000000110011011
1100000010101111010000011100011010101001010101100111110001001110110001001010000110011000010101000101111111010101000011000101010010011110010010011100011000101001100000101011001111110011110100000011101010111100101101010001000000111111010001011100110101000100
0111010110111000100101110110000000100111100110100101001100000010101110010101000101110010000101101011111000100010000010101010010110011111101111000111000001011001010001010110011100000010000011000001010100100100010110001011100000010011110010101101110000001110
1001001100000100111010100101111100010011011011011100110001101101110101111011110010110000100001110111110111111110110011010101111011010100010110001001010000001110110001011011000111100000100010011001000000100001100110100010011000101010011010010111001100111011
1110001110111101011111110000100100011111101001011101010011101110111110101001000011111101111110101000100100101110101110000011101000001001011011100001010000100111001000110110111100011110011010001000001100100110001010110111001100101000101010100011111111011101
1100110101000000100101111000111101111101011011101010000010100100011001010010100010010001001011100110100011001100001100100011110100110000110100010011010000111101100011010101101011111101010011100111100010010100000100001001111010010100001110111000001110011001
0111011011110010111010010000100000010000110010110011101010001011111111101001100001111111100100100001111111100001011111100101111100000111101010111110011110101111001000010111010010100101101101101100101001010101010110100000100100101011101111111010000010000010
1100111001110001110101101000000100011111100100111001100101010011000101111100100001011010111100001101111100010000011000010111110011000101111110110000010010010001100001100111110100110101001111100010010000001010110010010011110100000010000000001010010001111000
1101111110100010000101001011001100001010000100011000100110110000000110001010001110001000110101111011011110001000110010110001111101110011001100001100110111001010110011101100000110110010011011111101110101000011010010110111101000000010011100101000001011101110
0101100011000011111010010111011011111010101100100100100000101101111011100011111100010000101101111101011011100110100000010110011100001101000001100111101011001000010000110010111100100000100010001010101111000001001111011101100010101101100100011111110011101101
0101010101110111101001100011001010011111110001010010100110101110000110101000100100011110110000101011111110100010010001110100000001001100101001011111111110010010001100001010111111001000001100011101111010110110100010111111000001100111100100000010010100100110
1111110010101100110101101101001101100111000011000001000010101000101111100010110111001000001101000011000101111011010001001111101101111100100110100100101011101100010100110011000101010001010110010000111111100111011111101001111101010111100110011011111010001100
0111000000000100001001110011011010000101010101011110001001010101010001100011001111111001110000001101011000001010010110101010111100110000110111111011101011100010000011111100011101010101110000001001000011100001001110100101011001011110110101001111000110111000
0011100100100101011000101000101111010101000111110010110010000000101001111100100110001001101011001100000101011001101101010000111010000101110001010111111111100101111110000101101110100000001111110111011100110000110011101000001100110110110010010010100001110100
0010011010000010111001100101101101000000000111110000001110101111110001111011100101011101010000000010111110010011100000111011110001011111101010011110101110101001100000011111111101100100111111000110000001110010110001110111000001101101111011001010000111101001
0100100110110011111000100101111010111110101001111000111100111010111111000101000111001000111010001000011100001010100101001010101111110010100101010000100010100001001001100111100110010100010011011011100101011001110101001000000001000101101010101100101000111111
1000011000101100100110000000001110101111100101001101110110111001010011110101101000000111001001110011110110110001110100111010010010110010010100001111111100001000100000111000111110101000001000011110101110011110110110010111010000110010111100100110010011010100
1110100010100111011010000000111001101001010001000101011000111010011010111010011000110101101010100111001101110111110011110110110101101101101101111010111010011101000101001010111110111100001010000011101011010000010111001000111010011101011111111011101100111101
0110010101001011110111010101101011001010000101000001001111100101100111111001011000001010110101100100111011001111011011010111000100000100011111111000011101100001111000010101000110001111010001010001101001111101001001010011001000101101110100011001001110100100
1110000111101001011000100110010010000100011001011101011101000000100111001011100001010001011110000000001100001011010111000011111101001000100001101101001011101101011101010011000101011000111011110011001010111100100010101111110110010011110101111111001011000110
1010111111111010010000101001100110010010100011001110110001010001000000110101011010010000000001101111011010001000001001011010111000100011101011101011011001000001000010111001000101101010001101011011101110000110110110000001111000000010000001001110001000010010
1010000100010100001111101000010110000011100100010101111000000110100110110111101011111001110010010110101110000010110001110000111110100100100000100001101000000001001001100110000001010101000001001011000101101110101001000011101000110011000000010100100000011001
1000011000101010010011001000001100010001001101000010110001100110100111001111010101011110110000010100010001010101110010001100001110101111001110100100001010001100110010111010010110000100001110100110111010100010101101010101000111100011110111001001101010111110
1101100111011010001110110111110001111100100110100101001100011111110000100000011011101111010101100100100001001101011101001010110001001011100110011011001110000110110011010011010001100101100011010000001110101001001110101111110100111011010100111001011111110001
0000110000000111101001100111011000010011000001010010101011011101001111001011110111010001111011000100010000111101011111010110010000010000101000011000011000101101100101100001101110011001100111011011010110101100101011110010000111000110001100000001110001010000
0111001111010001100110110101111111101111101110001011111011000001100011011000101000100011110000111101100111100110000000000011101100101110100011110101111001000111111010111101001100101110111110010111000010011000101100011000100001101001011001011100100001110100
1110101100010001110001000011010000010110010111010011111011011110010101111100101001010011110101110111101110100110111011000001001000011111000010100101010000011111110010010001100000010101111010101000000001101101001101110010011111111010110101000011111111111111
0000011111000110100011001111100111100101010011010110101000000101011010011001001001110101011111100011110011100001111111000110111110010110001111011101100010011101010101010110100010000011111100000101101001000101001011000000011001110010010010010110011110011011
0000100111111111110111100010000100110100111111000100101000001110001111100000100100101111001110010100110101111001110110111010001000100011100101001011001010001000000100010001111111101111101001111010110100101101110101100100010100010001101001110010100000001101
1100010000100111101001001110110010110011101011000111010100010001101100010001100010110001011011001101110010101010111011000011001100101111011100011001000000111001111111011100000111111100110100111000000010100111100010010011100100111101100111001001011101000100
1100101100111100110011111000101100010101101001111110110110010100010111001110101101100101000110010100000010100100110110000011110000111101100000101110010001011001101001100010101110101010000110011100000010111011011110010100111001101101100101010011100010011111
1010000000000000100001001110101100110001111011001010001111111101011010100111100101101111010011101000101011011101010000111000000000010010111111011000000110100010110011101100010101101101010001010001111111011100011011001100100001001101010111111010001001111101
1000010010010111101100001110101101110001000000000111001100100111000000011100011110010010110110010010011101010011111010010000110011101001111111100000111110101111001010010011101110000010010001010101011000010101010001000101101001111100111111011110001111001101
0000000110100011101011011011101101111101101110101001110001000000001010001011101010001111011101011001011110101110011011000110011000100000101010110101100011000101001100010111111111001010000010101101101110000101001010101000011010011001111010101011100110101111
1111101000110101100000101010010111011100101011001000010110111010000110000001101100111110011111010100101101110101110111011001010001100110110011101110001100100000010100011110001011000101010110111111000101010000001010010010111000010111001110110010010111100001
0100010110110001010110011100000001001000010001111101001100100101100111110000001000111101111001101101010101011001110101010010010000001001011011110111100110110110100010001100001011111111111011110010000010110000011110010000010110111100000010101100011000010001
0111011000001010010000111101011011111001101100001111101101011100000100101001001010011010111101111011011000000000101111011100111000011111010110000010001010001011001111010000111001101111000001100100101000010000111101000011111111100011010101111010010111111111
0011101100001001011011000000000011110000111000010010111110000000100111011011110011010011010110110010111111101110111101000001110100110011101100000100101011101101111000100000000010000011010101111011100010101010011111101100100001101111010100110011110100101111
0010001101100111110110101101011100000111100010001100110101111100111011010111001111010111000001110010011011111000100101010000100111110000110000100101101100000111111000001111001101011011010011111110011111011010101100100010101110110001101010001100000100010110
1000111101111100110100010101101110110111011111110011001000011010011100000110001111011111000001110001111111011010111110101001011101101110111111110101000010010111000100000101001010111111110111110101011001101000101000000001010011011011100100001111000010101111
1101111000000010010000101111001101001011011111001010011111010110010011011000100101001000101100011100111100100010111100011011011000100010001011101000111010001011001010110111110111111100000101001111101010111110100011001100101100001011011111101100000010111001
0100101010001000100101111010100011000000001011101000110111011001101101001001011000101001000100001000001110101001110100011101001101000111000101001011011110010111101010000110111110000000001110100101000011011001000110110101010101100011001100011001001111101100
0011011000001001010110100000000010000100001101001100000011110101011111101011100100111101010001110010001011001101000000110110011110010001010110111111000100011101100100100100110010010101111011101010000100001010010010001100110011101101001000110111110000000011
1001100110010100000010111101001011110010010010000011011110100101000000011101110111000101001000110011010101110000000110001111101000110000100100110111011101000000101100010100011011100001001011101001101000001110011110001000100110101010001100010001000101101000
0011110011110101111100110101011101001001101111000110100000011110100000001101011010010101010001001000111111011100011111001100000110100010011111110000100000110100000000010001101110000010100101110001010011001110001100100000100000001010010100110001000100000001
1111010010011001100111110110100001001100000101101010110010100100101000010100100011000101101011100101011000101100111001101001111001000011111010110000101111111111000000001000111110011111001010100100101110100111101010011111110101011000100011111110000011100101
0111010001111101100011100000100111101000010001011000100011011010111011011110111011010100011010001011001011011110010100000100011110110100010010001010100110110110101001010101110100110001000011111111111110011000100000111010010000010101111010001011100000011111
1100100011001000101001010111100010110111100110111100011111011110110001101111011001011110110100000010001101011110011110110010101000110010010001000010000110101001000100001001100100011101001000100110101110111101111101100001111001001000011011111110101110100111
1011101010101111010110111010010100000110001001110011010110001001100110101101001000100011011110011010110001110001110001111010001100101101111110001011110000110101011001011010010111100110101001001100111011011000011101001000000110000010101100100010101111000110
1101000100000011111011000111111001110100001010010000011110111011100010111000001100111100101000100010100110001100011111011100000001011011100001010001010100111110111010011111011101011110100100001101001111101100110010011111000101000111011100010001001110011101
1000010000100011110000011101000011000011010100110111100101011101010011010100000110011110000000001001100001100001001000110001110001001110100011101010110110100100001011101011001011110110000011010101101001110110010101010010101011100110111111101111111000001000
1011001111001010010010011100101101100010110011101101110001001101100011010111011000001010001111111111100110111100110110110001100011110100111101111101111101101100110001000000100000100111111100110111000000011110001101111000001110000101100101000010001110111110
0111101001010010011011010101001100100001010001000111100110011001110011111001100001111110101100110110011101011110011110011100101011110111001100001110010001111100100001101100100010110111100110101000011010111100001000111001111110111001100001111010000010100011
1011010101100010110100110001011100100110101011101100000111111000101101111011110001100010111111111100011100011001100001100011101001010101100011111010100011010010000010001110000100011110000001111111110111001110111001011000011110001001101000011001100011100110
0001110100001111101100010000011000011111011111001101111100000000101101100010000010100010001110010000010010101001110111111100110101000101111110100000100111110100101110111100110011010000000011110011001001111101000111101100110101100110001101100110011100101001
1110101000011001111110110001011011001010001101101101010111001101101010010111001010110101110000101011001110001010111111001001011011100100110011100001101001100001111011110110101000111110011000000110100100010010111111110111001001111100110111010110011000100100
1010110111000000100001111110010101000110100111001000000100110000001100111101011011000110110111101000101101000011011000100100010001100101010110000100111111000110100100000011101100011010010101101000110000110111001110110001101000000110000101110110111000101110
1010011001110011000100110011111100110010111001111001011110101101100010100001111111111100010000010111001010001101111011010111111010001011011100100101100100110100110011111010001010001001110111111001110101100001010010010000100001101010000101111111011110000010
1101001000101111010110000110001111110010101101100011010101000101001011001110011101010010101111111000000001101010100000001001000011010000101110100101100001001000001111101110101101001100011000110011100001101001010101100111100001100100111111100010111100110011
1101011111001010100000000101001010000000001001101010111010000111011110111111000111001011110010000111110110001101000000111101000101110001001011000101110010011101010001011110010000111000010000110001010110011001000000111100001001010001000110110001010001000111
0001010011011000010000010000110001000001011101100110111100001010001100000100010100100111101011011111111011100101111001001000101001110101110011011111001001111001000100101000101101110101001001110111111111000101101100111100010111101100111001111011110011111110
0010000010011111100100110010010001101111010001101111100010110000110111011110110000110000100101111010110011000100100001101100110010010010011000100110110101100110010011111011000101111111000101011001011011101000010001011110111000010001001100001101101100111101
0101110110001110100100110000011100101110011110101010011111001100011100011100011001000101111011110100011101010111110000001001110101000011110101001010101110010001000000010110011011010101011010011110100000111010011000111111111001110000000100001000110111010111
0101001100010111011010001101000101110101010101000000111001101000010011110110100110111000111001101010111000000101111100110011110010101010111111110010101010100100010001010000011101111110001001001111010101100011010000010101100001100001001111001001011110101110
0001111111111011110111011011010100001000111001000100111110111000001001101100010001100101011110111111100110011100000100011110101101000000011111010100010000011100110111001010110011011100111000101100110001010101101100110001101101111010010011000110011001000001
0001010010011010100011011001111110101000101001111010001001110110011010111111011110110011111001110101011011100111000000111011101000110111000101101010110010010011000010001000001111101110111100010010110111101110010011110010101001010010000001110100101011010000
1010000001011011011101101101101001011011001100101010101101000111010100110100110101101000101011001111011110100100101100001111110000000110001010000111100101001011100010100010110001101011000001011111001111101100011100111001110101100111111011010101001010011110
0110100110011010011011010111111111001111101111010101101000101001000000110111100111001100000000111000010001100110100001100000000011110111000100001111011011100000011010110101101100010110010000111001110000100110001111011001100110101111100010100000010010000010
0100001000001000111001100111011011010100010010010001010001100001100111101110100010101111110001001111110100010011110110100000011001010000001101011111000111011100011100011010001111111011000010001100101101010001100011010011001011110101010010010111101000101001
0110011100011101010000001111000011111111111101011000111001000111110101100110000001110000110100010100101010001111110000110011100110111110110101000111011110110011101101111010011110000010010101010111001100101110100100111101000100001111011100011001010110101100
0010000111001011100101000110111100110011010001110100111101000010101100010111111000010010000011110010101101110110101100111111110100101110010110110110001011000011010101001100000011110011110010010001010111000000110110000101000111100001100011100110100000010110
0001001000010001000001101110010000111010001110011000011100001001110010100000011011101010010011010010010010001111100011111010100001010110111001100010110001001111011111111011101100000000111111100101000010001001100100011011101001111011100111001111101100111111
0111000100000010000011100001110001000010111101111010011100111100001111000001111000110101111011000001110110011111100110111011001000100001101000101101000000000110001110001100001110011111000011010010000001101010101001001001010011010100110111111101110001101110
0110010110011110000100000011101010001111001011001000110010110001001001010001011100111100100011001100010001111111000000101010101001111111000000011101000100100010100110101000100100111111111011111101011000100001001001010101111110011001110101111110101100100100
1100011110011011111110101111111000110011111011111100001001011011100111010111011000100000110110101111100010111100101000010100110110011010110001101101110101110010101101000011111001010111110001100000010110010011000011100101011111111011010100011111100000001111
1011100011001011110011010111000111100001100111001110001000000000100101101110010100011011100011001010010011110011011010011000111101110110000110000001010010010110000100001001110111000010001110110101010001001001101011000100100000100001011100101010101001010101
1010011101100011010110010110100001001001111000010001001011111100111110110100101000011110111001011011011011100010100110111011011100101111101110000000100011000110010111001010000001101101100110100000001110010000101101011110101000101001010110001001001100010011
0110011010000001010100010010001010001011001101101101010101111000111011011111100010001101011000011000000110101100001111001110110111100100011100111101111110110101001000110001101001111001110111010110000001100011111100000001001111011110100111111101100010001101
1111001011000111101111001010011110101111100110011001100110000111110111001001001001001010110111110100010001111010010011010010110011100001000010111001000000000111100000110101100001110011000100011001110000100100111001001010111101001010011110001001110100001011
0111000011101100111111111000000111010101001101100010001111101101101100011111001010110010111000101101000001001110000000100001000010010001000110001011000111101000010100100110000111011100001010000010111001101000111000111000011111111001011100011111111001011010
0000001101001100010101111011111011111010110000010111110100001001110011001101000101001011110000000110000110110101110111010101100001011001011000000110011111011001010110000110111101110110100100101101111101010100001010001001100101111001111010111100110110011010
0101111000010010101100010011111001000000101101101010000110111001111110011000111101111011111101011110101001101101010001001111010100100100010110101011011110110000111101011111111100111001011100010011100111000111110011110001101110111011000011000010110000100101
1100011111110110111110001111010100110001111111010011011000110111000001010100111100101010111001011010010111000101101011001100100110001010101010100000111100110110111011101100100100001110101000101011010100011101010110011010101100011100011000000100010100101101
0011001110001010000010010100011101000001010100111011001100111010111100110110101011101010011110101100000101100100101010111111010101000100000001101110001110000011011000101001100000000100011111001101000000011110010100101111011010101100011110001111001101011010
1100001101110111001111011100111000011001010000010001000110010101100100001001111011111011000101000000100011011110010110110100001001101011100101101000001000000111010111010111101011000101110111110111011100101110101011010001011000011000010000111011001111001010
0000100111110011100100001100001001101110110011110111100111111110011111001101011011011000001100010011101100110000100101010110100000000101101010101101100110010111001100001010101010010001011010000010110011101010101111111000010000001000001110011011111001010001
0100001101101010010000011001010010101000011100111101101111011000100100101011011011001101110011001111100011000100000011100010000101110111011000000101111101110000011111101100111101111001011110110110011000001000000001101110010011111001011101110001101001011011
0101011101111011101110111100111011000000110000000001111110110110000100010011010101010100001001111111111100011011011100111010010101010110011011010011010110001111001100011111100001101011110000011100110010001010011101100100000011100111010000100111101101100101
0000110011011110011001100101000010100101001010111110011001010100010000000100010101111101101101100111100011101001100010110011010010111110100100000000110100000011001011010001010000011101010111101010000010101100110100110111000010101111010010010010010001011010
1100000110101110011110111101011110010001000010011000110101011100011000101100110100001110110111111000110100001110000111110111101000001110110011000010111110100111011011010001010100010111100010100001000110110110101010010101011101101000110001110100010001011001
1110011101011001100000100101100001110110100111011011110000001100011000100010001001011110001011001100011001011101000010101110001111000000011110010100010000011010110111010101110000100101111001110110111101100110100000001000010101000100011101000000101101100000
0111001000110011001110000000011000110100111100010001010111001011100010000001111101011010100001000110110010101000110011101100100111100011011000010100111100101100111101011111111010101101101001111011010100000010111010010010000110001001110001011100010100001101
0001100011100010110000010111000110110111110010001001000000110000010011011101101001111100110111111100101100111100000010100110010100000011011101011101100100000010101101001110111110110111011001010101100011001101000101000100001111110010001111110101011000100000
0101000011110001001100100000111100001011011111101000101111000101111101001101011100011100111111010100101101101000110011001101111000111000000111110100001001110101000110001001010001011111111000001010110000001110010100100001111001100010010100110000111001100001
1011010001100111111101011110010011010001000011110111110111110101101001011100010101000111110011101000001101010001000100000001111101111100100000010001101001101101100000001100101000010111111011111001011010010011100001111011110011010011101100001001000110011111
0010001011010110011111100100111111001000011010111101111100101110111011010100011100110001010111111101100011101001010111100110110111110110100100011100111110001001100000110011000100101101100001101110000100001011100100010101100000101011001111010011001101011100
1011101100100011101000011110011100011001011110011000000010011100110111110100011101110010110001100000111011010001100111010111001011000111011101110100101101000011010100001011110100100111101010001100001000000111001011001101000000101111001111111001000101010010
0000100101101001100000111111110100011001110011011110011111011111001010000101010011000101000110100011100001010011101111010011101101011010100001011101000001100110110100110011000000011110100111010010011111111001110100001111010111010101000000010000101100010000
0001100001010010010000110011101010011010001001101111001110100011000010010111011110001011010101101000011111101011001100000111111001010110101110000011111101000010100001000100010111000100110011111101100100111101110011011110010000011011001001010001101010111101
0001111111001000000010001001000010000001010010000100000010010011101111111000111001101000010111110000001110001010100100011010011101100101000111010111001110001100101010001000110010111110000100011100111010101110010110101100000011011101101001000010101000000111
1010001111101000011110111111101001001111001100010100111001011101011000100100110000000111001010010000101011111110100111111001011111011100010001101111101111011000011100100101100100110111010000001011011001110100111101111110110001011111001111101001011000010111
1110011011111111101010011111100001110001111101011101010001111010110001100000011000000111010111101100100101111101111010010111111001011011000010111101100011100011100111010011101011100101101011010101001011111100100100101010010100011101100011010000011011110110
0111110000011001000110001011100000110011010011000100011010110110111110100110011101001010111000100001100011100101000101110000010110011101000010000001010001011000001000110101101001001110010110101000011100110011011000010110100111111010000001000000100100011011
1111001010011000110001111001010011010110110011111111110100000000100111111111000110100000001001111000011101100011110010010000011110101011000100111111100100011001001011111001001011101011000001001001011111011111000101111110011111001001010101100100111101011000
0111011111101010000110011101001011000101010100111100000111001001000100101111000101010011101110010011101010000000000011010100010100100100000110110000100010111011001110101111100101010110101111111110101110110000010001000101100100100110011001101011000000101100
0111010110110001001111110011100010001101000001000100100101110110011011101001110110000100100000001101010011111111011011001111010000011100100001110101000010100010001001111011011110101011001101101000110000010001101110000111011111111010110010001010000000000010
1010010110101010010001111000011011110011001110010000000011111000101011111100101000000101101110101111000111100110101001000110000100010101000000010011010111000111010001011000100101101101010100101011100111100011011100010111111001111110011110010111011000100010
1100010011001000100001010111001111101010000100011010000010110101010001011111000111111011011110011100010011110010111101000000111010001101110010001001001110110010111101111100010010001101110011011100111100111001011100000100001111010101101100010011111110000001
